26710
28495
51822
46593
37348
12812
71263
30999
68466
59345
14430
71291
69213
8305
1394
60254
83521
84565
50792
39996
62339
57905
19231
6445
49783
38250
49241
83991
11536
79565
84233
51293
42398
79872
53045
34827
32366
67681
81352
76128
45622
95885
32412
36338
64020
93555
83719
65963
20234
60121
3200
96838
73093
22177
54080
64531
72543
41250
16106
10531
14633
64350
2506
70032
70335
72867
97464
27166
5466
85801
99370
24716
42234
97995
2518
32183
29186
6095
24822
65957
35564
70172
69186
34441
11592
82790
18498
58742
99096
8291
67858
52450
24949
71653
4424
31185
8167
5759
66613
3236
5348
6152
82477
86549
55421
48768
84712
45050
83017
90555
42744
15096
69558
63120
52753
73754
17547
51896
98978
9469
3341
174
44306
44840
22016
53395
46456
71911
21531
6966
65255
13254
47218
657
19044
20669
77383
3429
86837
55084
93964
38218
61113
77574
93917
25530
33256
25085
54742
30605
99703
77220
39078
12816
91271
4132
84265
69763
33880
40034
78877
67548
69910
45126
46649
43574
5474
566
13833
39686
7620
94592
84054
66877
67340
71242
46145
32024
29637
64347
6174
5276
89073
44072
15232
66776
78661
48302
95542
645
7641
68038
70007
61341
43185
1805
38131
14941
49472
26315
89394
69540
37446
76081
90807
97936
91077
53842
91233
59217
56308
54551
26882
41839
44661
77646
3768
56567
77577
68491
17366
47895
30679
35552
56083
65721
16195
6213
27183
93147
96368
81649
10470
862
74508
78020
6351
20388
59575
91157
10374
70174
74141
12393
10125
32069
38269
37959
46755
86996
39394
41613
59728
56379
31517
12218
96825
33135
96146
17393
84164
57269
58942
65688
66230
21384
48618
33334
32435
2844
81640
71193
31375
88343
44318
54002
88509
90631
82004
9339
67072
75987
3172
45781
20409
27855
66065
87426
45705
5214
18002
59473
68155
28800
61035
59727
17153
6965
6159
43551
83234
81574
35948
80495
21151
51267
30627
42871
63792
88308
31814
28240
92164
21937
89787
19259
11060
30973
31760
48002
60250
51537
52956
7398
7574
99300
84057
60939
97627
12951
42756
21637
70438
63519
58226
78446
10113
72530
57239
48910
91037
55690
9240
29473
27120
26228
11887
79359
98896
52254
79024
22490
2619
96078
64466
57875
55376
97299
90836
79618
91344
56273
56101
81880
76782
40743
29825
10588
20550
78470
55645
84279
73460
82126
18925
60926
51198
3442
85357
34788
34464
41084
81073
95381
56447
5134
3847
86134
94391
44296
96236
6938
15255
10262
90037
48714
91889
77851
61209
60656
12500
86362
36567
54812
17249
23781
62864
22789
12841
527
93063
77209
53983
52270
5411
13769
27570
80427
38229
2272
54321
13318
24734
43391
77278
62969
80746
53997
11560
3127
66168
54636
48993
3338
38022
10303
8222
73299
86156
43622
70298
37066
97777
95709
76486
57627
89759
83952
29304
82218
35253
9256
95071
64686
67127
3104
19756
51430
15024
32115
99099
25062
46516
68663
74217
85686
15603
309
81497
74935
66986
30351
14587
7099
69051
18878
56068
62555
63259
65673
95887
21206
53104
8559
58679
89201
39349
13934
27279
23173
99643
47419
23378
33287
21304
43204
64685
97624
4819
50241
58088
20670
67560
32750
9580
5068
63795
88649
64404
84229
85798
66459
68545
28985
80681
8918
89190
6196
21853
14184
28207
31499
29834
76320
64730
84104
22631
52741
52688
45023
27110
9286
5726
16410
27917
36783
36316
21101
92916
57252
35693
56742
30272
34634
17625
54463
60935
88065
37090
23184
95709
13923
6765
48087
82120
58494
48670
70113
11544
40708
99887
85750
29836
96648
20722
69758
95151
62345
13018
78369
49334
9452
59555
52814
15939
20824
48426
8182
77955
11838
42239
61981
26019
71930
85936
91518
75925
7475
55820
41588
70421
14910
42090
27209
24306
44047
51504
68777
43826
91128
7310
64503
35116
40327
32428
33905
86414
15044
43349
71919
46823
69234
6796
57787
64476
88917
93908
70596
11131
17155
76875
10217
25844
6610
49161
96634
54294
10543
19381
46656
39895
32250
41863
74760
36879
19862
2274
85917
65846
85779
80305
2003
51392
48195
25323
30801
54653
47620
27055
63260
89418
61337
1112
50167
61858
4117
66604
52583
37570
33620
60057
71773
14190
18418
92955
64482
44421
16207
2344
12632
81527
63123
76417
61515
41366
1086
64125
83361
88679
65069
74023
69037
22827
16245
25757
17530
5319
54546
18138
73091
33033
48871
86596
9711
91317
90606
82371
54094
70179
9718
14416
28331
36846
2969
69665
34458
54045
39541
85627
9812
78550
6808
26558
61515
50439
17360
48890
92460
20115
91600
38807
81863
14371
40135
59531
39176
39582
26017
95059
74832
68742
51150
39003
22587
78249
91496
18310
40518
25312
72031
30109
72105
36293
72087
86206
30369
60501
49318
38185
40059
18791
27736
69678
22841
49475
66814
91010
13600
56297
47385
42872
13183
5092
12025
95651
74055
77485
37256
48226
62758
38178
24994
21022
35081
79418
93569
30284
69619
893
91805
99340
61009
78743
53216
93595
12607
72433
43930
8211
55430
48372
11480
39945
12117
9173
11969
98410
15496
23851
76800
44428
49766
275
27061
80197
9134
59251
82138
98219
12725
24800
45289
28334
60116
52678
413
99048
93330
67617
28203
63174
79161
24850
51123
60250
38259
67596
58692
48265
83803
70780
92443
67270
67226
996
61114
84369
89649
44175
53946
64171
45656
11005
3957
31957
4971
97039
4276
72687
58524
12304
43871
11388
25616
80404
21420
66995
88760
60590
1164
43817
75575
38598
83874
51993
63762
72308
88239
20284
70478
36715
46060
88582
56891
34499
73822
90232
93355
55274
39569
20088
73556
897
84168
90636
94346
47925
80771
4907
19797
13069
68770
46657
88503
89108
29971
86366
36116
82220
73104
10791
32013
64161
96083
73028
37993
396
87784
86392
90994
15253
2253
54365
15511
15606
51080
47438
81814
5152
67299
20433
78671
58273
64447
50753
83117
99077
44861
75323
13836
51239
15004
47371
36029
23408
64596
59478
95456
46135
60610
81001
59659
64431
22085
31642
17446
13548
67739
49555
60147
58199
50246
37178
36180
41205
37751
42872
92072
72517
79397
31290
2074
51115
47585
58105
60380
70194
71254
6840
56340
16552
43329
72199
39589
57241
4763
69522
43351
92916
69447
67936
83714
99569
23940
89186
90641
45651
7505
41187
18721
69965
7866
35300
53618
6332
76171
52539
84293
57348
5969
11200
60661
96038
19329
81147
67815
19350
84
23391
5417
56412
57058
9017
81303
70195
31979
39109
7013
73022
32592
89985
80226
28135
31459
26964
82169
22809
83111
54821
92462
83489
10728
92183
18528
52898
86506
77715
24591
38672
60157
56274
1581
80566
53656
18768
63993
66266
90215
72631
20570
87242
72353
82839
26175
99891
25297
29516
46102
71042
34512
93563
82136
65823
45668
1913
35292
88599
16540
17419
70187
32905
60489
69489
77676
93286
67871
92612
30527
27298
83940
71671
36538
37828
30214
70203
3977
44553
1981
9625
15232
8341
81768
72000
65030
3903
38407
90761
80277
21264
43012
32120
69187
39632
46957
80870
39441
52900
10238
10686
19605
51133
84538
93609
15229
51189
83004
86407
5886
40407
65150
37002
41171
51369
52357
85508
34244
55865
90228
74771
37452
86279
9638
74851
39575
98680
63055
76079
82298
67660
28595
85214
30563
17775
72885
87921
20362
90372
83091
27181
9433
12785
38733
88073
57453
23783
90687
82366
34411
23619
85127
45064
58456
73980
65554
42734
56680
25523
69913
68449
24333
97501
65962
55419
9393
38593
99253
42390
20454
61220
54247
48263
49896
41609
94644
35815
76170
48223
10572
20995
53798
52596
47696
63920
2560
83958
68908
77049
51860
21798
69560
63898
55510
86076
88041
9996
1573
1067
13270
53118
71414
191
14286
41582
13392
98239
87227
76299
9548
81343
62198
16401
73421
9514
21962
29110
38643
81897
89234
41616
37022
61511
52439
22217
24094
97453
19021
81263
3071
30417
22833
42011
7514
50933
53321
44658
75115
72190
71260
7379
31292
30845
53072
33562
81261
92137
55771
38023
25973
88161
19943
78716
62542
49304
73637
49744
97989
13777
87975
8270
36371
64062
85885
81149
48968
49434
33112
2558
68003
13353
72154
98279
29542
52393
96646
89338
11418
66623
13971
16567
22117
38515
25358
64012
63024
43529
5607
94696
40959
22302
78478
78582
84829
448
36136
34350
56068
30429
1024
55077
83832
71631
4535
26563
61659
59702
3015
97237
62892
93538
76282
11496
28866
52085
31626
42336
29835
18442
68801
98459
80092
64966
6071
60418
80548
14037
94245
54260
88791
46969
94629
86794
18327
18538
71020
1967
20467
41178
42126
2406
33589
23041
24684
68124
64718
23389
12606
4386
42114
20183
34370
70346
78807
2176
30013
84491
29632
28188
29006
85524
29303
34215
90714
25
86765
98209
34887
8412
61170
22522
64720
49886
98508
87562
40397
49921
81696
69850
20809
20680
46230
56878
81938
58702
77695
13837
11385
85803
13498
24291
76826
92115
82089
1902
55024
24562
36649
12198
92228
36136
13335
47141
84520
33431
35959
7571
91096
65665
42275
83123
50826
90504
78383
66050
18696
70295
4327
82450
23986
47391
50988
5103
21774
74617
59252
42655
39633
30486
64009
478
34263
62545
43571
20882
31702
42332
38822
8422
48369
71238
14292
57671
96964
86059
78183
98533
42757
37094
8703
85940
65523
59449
48607
32804
54591
843
86713
20813
93080
32663
25925
30000
80462
60301
34448
80733
8601
46178
84501
6226
96657
69087
28991
40418
18962
52326
67946
81508
53866
94153
49276
24901
64534
98748
2270
4927
55866
82778
20148
9678
72825
24143
11972
122
11047
36545
64013
65199
30227
14409
73392
81952
91820
74479
89911
14047
31661
26554
53208
5989
37546
56918
58424
61822
12907
63577
84930
79277
16874
20722
740
56705
54632
77120
5659
56616
33324
35579
65230
34414
88523
30304
24606
30595
87045
9096
37430
81114
61634
44670
54722
35246
86524
83026
89622
83630
55261
8674
19289
63248
44966
80537
27378
64079
20844
50979
74285
53484
96641
3982
71673
12087
11195
59423
87458
51134
56745
4412
22285
9488
5904
86976
69534
51770
85787
41389
50789
3887
529
87712
4294
92054
52911
10393
938
98624
63511
19307
18230
75004
84794
90697
98468
12787
77761
49987
68299
64820
49134
43407
92700
17430
96733
68032
23623
4341
25580
43367
58485
18864
38586
60034
43014
98011
20311
26671
41545
62539
68814
13809
31360
87762
8948
67506
74795
70228
6214
451
29873
29426
13777
26303
71368
35627
22188
60295
49749
89189
10793
99237
19132
83694
82563
52095
57809
74088
56980
95105
67115
17145
13308
18285
32565
35608
6714
20487
29759
80248
25889
72887
66159
81218
70485
51263
83275
45242
43417
86049
16609
24700
82721
61704
42787
31406
27175
8559
56693
72587
62994
7301
8790
6810
94753
45839
7101
1263
3494
95016
56054
35812
55388
26848
14923
33905
26763
75297
87729
28121
25445
62194
45169
34712
91757
42442
38983
92012
77879
74789
1127
28038
51828
29379
8777
78397
55357
69052
56147
45039
40836
31996
3811
33726
15512
65133
18401
65133
90117
87489
28366
36253
25863
77984
64326
19139
73506
22289
77068
73389
89007
89541
26392
29125
78108
20346
57736
84202
44430
12365
63357
13810
98667
89361
20282
63925
77513
21386
10178
19973
1733
47478
23104
12793
89996
31891
9244
44009
33943
98813
31075
5014
88828
32689
78888
35101
82679
84135
24172
77642
42515
87117
96903
73284
50038
54244
77361
39595
58558
57024
66555
65860
8429
6838
20725
14848
38384
7964
56551
87679
84767
11560
26545
56692
19119
26390
70478
41984
24512
76184
15879
34399
55999
98720
80864
35049
65080
21721
15351
31122
96462
62137
24861
36474
25897
17198
39968
92179
81105
97406
68133
73769
78278
65487
95168
22716
22401
75938
58214
40358
25111
47474
33674
27113
77035
52784
82117
10734
82686
80862
6785
93576
34844
77497
58401
73771
92794
10448
83791
23534
10723
80538
22660
13447
97352
5016
38078
27099
50814
82362
98782
86986
83157
8050
43110
71730
88750
24728
57585
38644
15848
13012
12610
39307
72217
78721
32085
53547
42166
94623
29341
53616
58918
86150
27786
19976
35626
40779
39116
22083
91380
9580
8670
51765
98975
95601
69710
42423
28268
44140
50572
54368
88107
89240
15590
57145
1893
62857
38457
49824
20095
40821
75204
19834
93097
77273
54957
25944
39703
20773
37400
12218
87670
59215
80465
58571
66940
34519
93640
91051
5332
31212
35891
98261
52779
36310
98497
45255
2247
99330
87434
44847
10766
72565
7582
40912
1287
91523
60092
3747
9809
75709
82140
56695
95057
34811
88145
68401
52150
79042
47352
78741
27675
183
50374
65732
3251
41671
9642
36404
31494
29521
87621
12297
80729
96239
66197
13203
54904
20058
71930
64416
23710
34617
1208
4017
16380
1527
13765
3147
14738
95657
60569
18430
81078
70672
86074
66137
13852
20027
72518
11693
45419
4355
7621
24597
14713
58523
86065
81929
63659
70365
7879
26951
55560
7741
99688
1163
96012
69819
6039
17506
21289
48608
74104
80534
41574
53628
52581
95195
96134
14980
2551
42212
96107
73811
82645
15958
53117
53673
73020
50569
9977
22252
66635
68082
69136
29540
56027
82013
1795
57800
69024
83476
51639
45650
72283
49574
34009
98457
73260
89308
16977
15032
98810
2341
50042
81003
41959
34844
54712
9911
10792
85522
84045
86464
29784
31939
757
37889
75707
12283
76983
46664
88028
6456
71146
5337
89220
21191
63719
20204
82623
19566
89077
66458
81970
90134
21174
28546
68581
78380
82742
84923
49788
3113
58910
65591
45679
95296
23303
59225
45105
11564
30952
84832
38023
11947
1809
80249
75584
70991
93468
31667
8116
10940
21811
24617
33774
2194
61157
93628
16781
81514
9587
38164
38080
79063
95691
82920
99990
33988
5672
39010
21310
79495
8457
74479
34672
25588
17063
30368
64937
36465
63078
45624
72400
48650
19314
38540
59224
39823
42705
30983
35936
35177
67386
62556
78863
30166
87777
73050
89079
12935
22705
27619
77444
39456
73007
1810
73386
35071
43000
53142
68157
90500
46004
55736
68197
38709
90041
98391
3859
99503
78996
92969
76250
46258
70708
82591
5616
86461
57185
80052
94840
28729
26525
70482
91407
31899
62771
67025
45659
27212
20054
56606
98660
64219
37358
34450
15177
20452
68034
30208
63816
38532
74704
47996
24705
13072
42991
35458
18978
34259
50608
75213
44497
59789
97815
26264
96651
40650
14203
1973
14038
60309
5390
14041
14750
82280
50680
7504
18537
95386
84643
67764
73491
63062
57067
65013
58342
6663
30782
46955
13424
11660
8262
30441
93839
32497
57612
82770
10502
43992
72904
86795
326
29919
45163
28280
21399
45668
97562
35730
80056
24333
25291
50314
1381
30063
17974
77051
3758
41431
94537
59428
71491
42983
86392
20053
36854
81184
20893
51612
23474
98880
54152
66309
27301
71121
78432
74542
69585
95518
6019
90114
69280
71200
23365
53189
36558
939
20168
22089
9880
31689
5256
25995
9877
83722
55352
75119
85192
25631
13867
90312
31727
12341
34343
44592
14777
91625
94074
5284
52122
57246
35430
10388
19051
10981
35533
90800
95268
21950
4147
68363
56521
73325
58928
4370
25883
26535
18117
91970
71960
43592
87977
44128
94322
13649
54579
38000
12038
42471
7329
30599
89595
46751
59514
10256
61986
98259
52714
56151
5961
67019
67757
46283
70827
16293
74413
29995
68982
13092
43749
85820
74382
89820
29114
25151
21682
97727
95159
99486
73594
79351
90300
584
38549
33932
95741
499
97866
63970
70488
93350
47240
80
64786
55557
91428
23608
23244
88283
34503
62998
79560
91459
50006
98448
82720
68670
29314
46183
19043
83560
57036
91165
34868
12118
97092
49674
82544
28682
44
61692
58495
67562
53739
69436
43204
43556
98167
34420
16756
24737
79204
17058
95888
16553
12835
80984
14702
51285
54177
46177
99180
68238
4415
91480
44359
5051
87617
16127
79457
62454
14494
55501
20191
4272
85012
46411
55654
13050
24855
85358
59792
55020
34490
2396
72607
79931
26592
87873
55986
51188
73670
3888
54733
25080
63177
37347
98400
32643
83405
11243
63365
87659
21480
54934
90572
70191
36650
56551
49053
43443
68729
19630
44996
30274
84
52409
91300
69452
66869
62655
88981
76998
29962
25722
2377
709
10880
34471
7869
87717
56713
24145
23282
62809
58456
75201
25014
14974
9456
64386
9369
64557
23873
83862
13172
98562
86899
60446
26478
69423
63926
26712
13344
31925
55565
74591
18638
30086
40023
79182
60023
72289
83986
81916
93210
20525
6704
9469
47989
45705
98631
47432
84082
76157
9441
68239
83726
43390
81080
85514
13639
67670
47129
51836
66463
55551
91043
10352
10274
22943
28276
47161
64881
41655
5717
67817
27136
97891
98166
97274
27871
40183
93566
79530
65299
50602
37439
30636
76468
99368
94655
92851
76714
31392
65427
24089
14243
94357
63945
95621
91451
97387
10675
21648
75473
62221
77516
58670
53498
21114
80231
98002
29829
44104
26772
1570
3632
93424
28296
45527
82756
60051
77001
31454
31591
4632
28670
22837
74363
39524
54862
63555
86117
62591
49739
49947
75147
76066
44282
71719
43547
97925
30808
50977
99726
31877
83340
43610
95664
67830
5649
6711
71097
73660
77484
99661
24658
5603
45511
35669
33601
6135
88482
42528
76671
18890
69709
94123
89078
97414
22502
94096
75580
995
5871
29255
24168
7023
95561
84814
29321
71148
55986
48016
90146
92362
66837
2381
89596
24191
22514
5206
24745
42440
55756
615
81298
16619
16986
58908
64205
46953
8010
99045
80170
1008
53558
22489
54435
73472
91710
6590
81872
43169
1710
43497
49880
21206
83090
82227
82025
3380
59338
34590
95108
36094
86848
17375
68095
15170
11335
58081
64657
18934
40594
906
33079
84538
35008
68748
20930
46286
48137
11207
56236
99788
99965
38527
57881
67790
87066
87994
18940
54797
11346
24865
48072
6082
94019
43182
20486
29091
9462
39051
79440
25038
18727
19239
90187
92539
75586
77634
19689
29085
83866
74481
28609
12731
51317
50524
96124
70754
19122
60398
66693
99922
93303
25578
6977
18073
44943
62774
36202
95376
77464
90041
83464
51064
33896
29201
81107
82292
26085
40517
13602
99461
87727
22406
45073
9502
59894
90259
71693
96129
8756
64428
57657
21745
85270
93135
69713
99343
91148
4485
97480
67952
42345
77488
56263
17106
56309
47708
76952
46632
96190
99911
45219
67658
79198
12060
882
14986
68293
86484
98075
7811
22312
52079
44445
38480
55180
82489
11087
9655
23242
39755
60033
4489
12769
16987
42705
58397
24244
90354
18824
15662
49761
6460
749
66724
71088
75500
173
9355
25925
35658
49724
72516
55196
6219
20140
4346
59662
48150
37617
12746
30319
88760
6502
80788
71764
87029
76246
69208
93055
41444
10200
43914
77265
26775
77269
74883
28097
67570
85386
55494
7520
93487
7557
25954
57335
42129
87279
52432
47730
41441
16817
95457
66882
71510
1472
94926
41848
43286
68942
26684
69595
7665
12652
27101
44953
58251
60673
14116
57195
33253
65643
14474
79421
35334
3826
16188
33903
61619
93640
88003
33111
90112
25798
27227
28152
57656
69554
8556
70543
91345
27680
38661
62693
97367
30691
23053
87090
89089
94938
30327
64691
12972
69155
46496
72607
84938
18154
42705
5676
15397
70982
27864
98102
29303
9080
49757
57870
21130
94579
50600
76760
23092
5994
18031
54676
15363
58151
62918
19334
98128
93262
58393
43760
61676
43421
42996
97425
18373
31274
7526
43139
32227
24557
93045
83960
25284
23484
70501
77467
50008
43072
82306
61277
12004
40724
33846
1402
11750
57683
19592
24507
3188
33879
33320
2059
9847
59346
93069
71325
43201
57032
27963
78544
23819
11776
77401
51861
48606
18417
72777
91450
77101
77179
59073
2167
22788
71383
29692
9658
93720
56660
69267
41619
11570
96540
27725
90816
29835
75583
52166
73961
99030
17875
66265
6451
37042
49815
78325
62080
94218
42309
76689
13810
47826
20652
99944
6789
48782
12385
49569
79044
52048
65134
30173
8390
11835
22829
73681
54094
27218
54001
32249
20174
54142
66704
37722
61544
89358
97975
66732
79998
74375
74981
62553
64779
30583
86724
69969
44262
30822
11617
84274
69232
51382
77487
92978
58474
95341
64278
10394
62399
67527
35675
76731
67362
2257
1054
14768
46372
67965
23922
16006
97438
58637
41639
42125
25727
59788
66210
36821
58576
19315
84718
23100
70819
26746
75915
53025
28629
41910
56708
93568
6555
56519
48812
28106
26819
51459
64689
8123
92516
14224
25085
19686
1813
70990
65362
15177
18697
18593
44527
89116
4566
24297
32945
74812
17821
71338
36227
74983
39154
62021
92203
30039
85746
59795
28094
52880
77551
97175
75027
49716
21568
13304
10890
65767
47265
76393
44976
40490
29011
49949
80295
96785
76937
67053
1501
4013
57548
22146
39291
39301
16143
51474
87343
89911
17737
2250
88205
55162
14748
97569
51520
6880
32756
6825
40036
89594
99965
1908
38912
96769
65209
17821
90955
36037
89104
63816
77420
62815
52112
62167
46435
82758
58287
41606
34224
46350
13334
17100
98199
93837
232
90720
34572
93648
71125
93232
28949
92322
10528
13673
19994
78795
55103
53313
72264
2552
20432
12647
15650
73169
15121
57391
1312
27380
45506
78998
92584
21960
81864
98382
25696
5378
92664
28705
68894
87871
71309
17783
48584
52494
12795
97153
91120
85342
8683
56792
99349
65522
64502
83988
16121
5964
47435
43971
78980
45249
9539
5604
9581
62982
11486
70239
50026
53910
48530
61971
28226
25313
74952
23632
72466
15674
77635
49406
14205
68918
74387
5561
46810
34398
70330
42897
28497
34952
81781
88647
54841
85169
13397
7970
83739
67307
6362
38953
39483
45801
40095
52976
35303
98345
64703
7953
40394
76103
62689
55478
36037
57119
31523
8462
21075
8017
61806
60095
84708
51557
37451
20269
40072
15251
3268
61109
50675
34329
9237
18218
64287
20166
82817
609
32938
96072
87946
81319
40118
13189
64116
86225
3938
42507
10435
61874
41685
7960
44092
96654
38914
58099
97449
30760
6598
21424
90716
1381
95386
23874
63690
53107
93869
13318
48102
14265
76942
49263
66362
75676
89774
91865
51851
10299
4641
169
1527
45263
8261
81215
82643
20228
95485
9719
16253
80248
44444
75417
21661
49345
37798
29612
96790
4702
35811
77939
95577
86132
32456
27897
73032
51955
66931
31593
34665
13979
87704
55291
16141
24919
23910
44648
63575
22810
10119
92608
477
59609
24327
67034
90416
42763
53224
25988
14896
79464
62564
95889
50558
15763
97123
89176
24381
87397
71428
48434
51741
95021
50484
94620
79865
65528
4082
61024
41382
26737
26952
77211
99354
43041
87233
98850
177
82574
77464
69171
31535
7212
94199
11519
17996
82735
67075
68878
97629
46316
87552
24405
74234
51854
51158
79718
61579
72515
43966
2423
531
71653
98105
9401
96220
86630
73391
94442
18393
99659
87516
80497
8380
7418
76142
66928
34629
73905
19676
4017
89794
26959
80416
1684
94674
13211
70328
7209
63380
59608
87773
15327
90502
22966
19945
40903
86652
74910
3870
64003
86238
48193
7359
69891
72590
22899
82115
86183
94701
83574
71033
6126
62860
864
71347
31144
55847
40323
70093
52694
8409
90055
67954
93589
31150
9000
31070
3302
22972
59077
46137
74974
66394
32604
27473
39261
57892
96800
40202
90817
13580
40934
39938
56991
29395
53539
39954
73633
41806
24249
38731
23304
54969
97332
31335
3434
8854
7283
58698
44614
56457
45623
16236
13334
30071
41369
35335
82242
27295
40091
75592
22890
56024
76313
54498
90459
20322
57361
53978
93964
85794
84983
87168
22958
37747
72807
95924
52138
22012
77706
32455
65570
22121
3923
95056
26677
40343
55340
40099
37571
91355
12008
23055
59347
79914
1373
5805
71606
50821
52535
96118
99193
43593
27774
45661
14153
16249
39413
35164
84836
74559
42977
85570
13736
62778
71688
52836
44959
37732
32344
38624
6934
79696
67854
17600
26680
33109
146
9418
15196
12517
83891
55366
15220
94351
86455
80185
50380
61372
63367
74129
49729
11076
73841
87119
12949
38875
89656
51980
76235
18303
43978
26515
5498
84295
19589
98127
93650
62973
50538
20774
13231
84250
28217
49792
81578
71401
19561
56353
18977
46194
51399
7683
95140
77578
44922
80998
94532
84968
48915
90740
69157
43187
74505
18840
34519
66421
30674
64413
55046
77704
78500
15774
15701
38484
97418
68462
6930
41809
12912
39736
71663
49628
63222
99079
91578
75147
63682
89775
22222
8126
65816
5921
66874
71054
13304
58450
61499
24454
83177
22127
93864
90081
51687
47019
74527
49892
89731
61961
85606
57593
39875
50688
56000
8142
33439
99205
94974
55536
26533
21777
29265
31381
49857
17640
80599
1023
55320
65440
95321
59517
44618
37671
83678
65687
90344
63773
83306
2446
66773
47656
47507
18653
44342
89911
79915
43243
79454
25236
45311
61603
68124
32556
2756
36902
14145
55646
89087
44644
22921
32497
73787
34340
46136
73579
9719
34443
92854
89101
50629
8578
6503
44614
19050
94103
60947
27972
8274
71388
17421
25019
80885
26475
92450
74107
91668
76658
99526
2168
92248
33612
10679
69154
93391
86774
61917
18682
61963
79119
35718
18311
9314
18404
74685
59049
58857
4688
37109
27508
79663
40152
41836
69615
69667
9758
37048
25344
86987
48565
8160
45132
52149
28419
72629
52140
64933
74934
78920
4119
99896
33454
34904
5851
99240
87538
58702
86089
87239
33410
72890
12249
9153
62109
21075
35073
53105
68620
2386
33820
76542
2263
80697
61442
1190
76845
45367
21088
76218
63408
4990
33073
26202
35162
44555
22989
78817
4201
38253
77229
34353
53302
50213
67473
32723
28497
35645
26676
3057
88913
57049
11880
57885
84142
70645
5608
47204
65486
88696
36408
84925
65054
35135
10295
19428
64380
19359
74811
62955
64789
19878
16570
86228
88325
63017
38377
33238
39728
21215
16101
10402
32711
99180
11294
74286
5215
21114
71019
16807
17479
58764
43177
88393
47556
88768
29132
31919
5430
56800
85832
77011
5766
95229
61360
1898
1591
26449
35729
50352
88453
7649
40177
4050
84938
77168
12974
58707
25752
13256
54566
28468
41766
27244
42024
39548
32155
25931
85238
85427
50440
26486
50774
87845
25701
12465
81317
59392
53177
80608
75150
73611
92859
54279
66398
10164
93992
15609
20500
77389
92627
11421
93645
79907
51478
4397
71072
52679
34615
54879
18439
80827
11455
65670
69681
37458
4927
54325
95090
59005
9777
17791
46439
95976
78110
59796
99768
49110
29168
46230
8150
45645
72078
33086
34083
38550
10880
59900
62248
57680
42236
95467
70529
30745
36141
57130
15511
51536
35310
48557
35329
59050
83610
19689
48293
37362
9518
59226
8215
1500
39362
50266
69938
89974
26886
9059
29735
76015
7425
80265
1762
36059
98771
52208
14482
67808
408
87041
21533
22871
37659
271
21243
34248
45205
62553
83126
64421
66782
38787
68823
83341
88626
14708
4797
88099
29309
69805
29120
29600
7838
41258
47444
32668
37205
24595
79865
25015
98323
95539
80559
1934
46609
20134
31080
39287
98700
95408
53465
30187
93508
30946
98712
83690
96893
34027
18604
74935
14858
88594
95218
87097
76045
18886
6610
46404
41791
78288
32385
27856
52350
37036
85351
5152
80748
2363
96513
49746
63480
5189
28861
85131
7438
30053
36169
97486
29759
43135
768
14440
29948
78886
32445
31927
80469
47824
99603
29865
83178
23217
66056
87347
64207
8944
50601
42740
69625
71521
4699
73740
84311
52543
17992
40268
8411
8943
37889
72385
14493
2972
43070
9579
90297
42530
26747
59136
98436
15963
53893
70463
32425
54203
68165
67281
27402
60287
63120
61047
3363
51194
26479
51462
3325
29009
80203
74304
48371
47027
6547
86069
79471
83951
78691
4465
87780
29529
99752
81051
37433
84019
90873
79659
35918
24718
39108
52526
90601
92805
58617
84821
15467
27553
94453
59025
58952
5295
62499
11480
81839
64927
12977
76413
84795
62318
77775
51093
48011
51261
67704
22500
87976
88887
20928
82738
44458
62676
67699
13746
13222
52102
71576
36656
89395
92145
60051
88695
11408
33066
61325
59601
88319
67118
92667
6341
8878
91553
92554
66587
9515
46317
53770
76424
74207
86988
74316
74920
42660
76629
7716
30611
46886
90411
25131
81606
55469
32171
34195
71383
44451
87594
54485
76780
7625
51595
22889
21799
13987
48759
42235
24919
41418
66485
95181
43396
78933
27394
67612
3998
17244
83424
50681
49686
33536
31959
46819
13295
70761
18593
7836
31609
57796
7766
18215
90151
47719
11693
88109
34557
56230
60023
44296
60045
97304
45160
56319
84518
1693
1956
27117
77544
46710
66905
37939
68734
6729
8052
1189
56605
27234
63241
85577
47829
68553
64362
25716
52590
82589
4145
87177
64931
7259
89643
88678
92396
13832
89957
5986
45467
3121
81286
65829
93535
5226
43255
80199
50016
52454
4975
20369
37830
18118
63294
62948
75347
6885
17482
17664
54839
81108
23028
61980
7345
42676
9950
67236
31492
80237
24198
55410
22319
45838
59368
81856
15279
64783
67138
57133
78853
53943
17945
95093
1433
80280
78489
96541
12564
33615
15371
18309
66213
54747
860
27491
5355
78070
2482
81266
28344
75290
20422
83869
9013
27298
19781
18209
12586
43485
60544
58549
18149
62635
69810
98786
84760
67768
52239
31337
16308
91960
33274
92870
12062
80233
94693
16482
48581
8543
74716
79627
76509
42341
83043
43553
97914
96345
16008
2217
49172
6719
19224
5742
54239
89157
52819
56920
22289
10542
50953
69156
59067
20714
9430
2786
55861
77455
62767
22455
75674
59769
6867
60521
70990
59034
3050
91094
15993
73801
22795
89613
45906
88532
52645
83631
3277
76174
80059
77610
7901
46683
14790
82068
34959
88838
20117
14983
21282
5677
75250
57253
28117
38390
79905
52375
73250
59586
81175
76058
83156
87917
14186
85588
28979
70293
16329
22211
92740
37254
60794
19764
12527
93965
47345
58879
24809
15578
68823
43382
70133
9529
39932
22995
2585
65790
40158
1524
16832
30008
41695
65347
9186
89582
12487
9510
52257
25978
31340
84414
81626
18926
62060
10718
9639
23071
66647
75600
89330
78301
95387
35213
42185
67411
68523
7053
32039
42909
21375
64900
70451
5325
41535
52926
19692
68255
39701
14147
58505
15777
19196
82831
55264
99925
96958
75791
78666
62059
64838
8444
74579
2154
98489
94336
20564
9485
69953
10406
93824
51599
60300
44974
55617
11173
25215
24086
24918
47516
20748
93910
96373
72276
22326
8177
93718
36546
68246
79265
10511
34247
99384
5764
18663
87737
36556
83898
16363
33310
5713
81479
59018
38410
51784
17458
14972
83413
36213
45551
67500
22902
70804
60840
3396
95824
88781
46179
90827
88872
40642
98060
7691
1099
81169
74928
67281
21621
61873
16184
21058
95531
15415
81236
64107
52756
83090
94956
69489
46871
87377
34065
76129
18260
95808
50642
56536
44283
38572
76312
68157
25899
3035
23398
81679
8071
95739
16162
64700
32378
30572
65729
91686
92326
9844
75535
6008
48841
67132
60303
15529
71212
63599
40234
79200
10271
4287
36848
39856
30220
47485
77637
20303
32199
48615
65501
37585
21934
50382
63367
54247
47701
7745
16029
57646
20231
56392
60418
722
51862
94566
26356
87793
93518
32724
71393
25159
59772
83344
35198
64089
18578
99461
25834
66749
68600
77313
60628
85007
82665
80681
90791
20615
52417
297
54311
96312
43094
39033
31806
13574
36916
60963
80511
65148
42396
86469
48509
94843
8075
51501
9788
29452
22290
16670
73545
99044
79797
22560
65180
71969
96332
24167
73847
76411
83671
19552
15725
20469
20650
61796
70941
74550
60607
68429
55501
14961
66999
97397
77519
85701
25109
71334
57513
44327
51935
22030
8791
13257
10824
22693
51036
40484
10966
46181
49805
47734
29793
75936
55575
62943
82930
45306
25601
52903
22751
32657
14098
37768
89510
10168
97222
74893
79811
56727
44178
82056
80303
52966
44069
8185
26068
40483
76449
59450
80892
87235
27211
56117
7677
17918
86438
1325
84692
15120
13007
90425
99367
60922
26206
90398
82687
93238
30152
45036
62862
7224
13326
74547
74909
33991
42514
44742
52920
41874
49002
80062
47949
76445
51506
32201
74621
17453
52331
35595
27232
12229
6891
42433
94834
95719
28113
94988
426
91514
38849
33614
79280
57121
18905
53940
44115
10220
5309
47847
36164
13251
54949
33586
89930
39472
74153
28552
56016
81939
45427
82460
40607
20451
79613
97650
9899
30103
97843
81987
82251
3675
37156
11767
26362
47085
74154
86268
66973
30774
1957
60051
24532
52083
92782
9832
29846
13790
70164
22483
38373
53826
76132
10161
63579
35286
47290
22260
72177
12589
53384
99682
9715
96852
19809
11896
42784
38156
63692
58587
64050
37758
77297
92552
18656
15425
83258
95199
92833
14181
287
67011
64892
36705
61431
25924
57022
51414
90813
46587
89819
38468
32655
91796
41528
23539
29966
87424
18187
27398
77455
44491
62384
42441
49715
85064
26606
37745
70194
57362
42662
41966
68227
89768
68440
68033
22732
16726
88854
26302
91306
60122
59387
32081
14279
35011
8472
31282
12176
39886
38513
40442
72683
95530
32808
67345
33192
57991
27272
85915
73198
33859
83134
76040
91146
74592
311
82826
8969
98339
83308
93216
90627
60890
68679
74233
92472
19026
6722
28774
2088
37742
15690
595
36564
61796
69827
29273
82959
2217
71251
70409
80765
13528
33696
81350
65736
6482
94463
25216
38546
77736
70942
86670
70512
85585
41766
84600
31314
51268
39525
50903
79468
24285
26633
58801
67723
60585
42126
92948
16193
49861
87336
78091
74029
85173
66736
24477
43619
68991
47161
94548
14868
91935
26952
68829
12383
63799
46518
83520
32750
29547
49336
46042
69242
96688
35736
5410
99370
31944
11390
22145
86648
27439
88712
32379
34789
27396
74931
33035
95489
34135
86446
2309
20526
61749
76163
40168
23716
44871
1803
40442
54807
86008
88412
63883
64644
70507
33646
56489
71707
63609
14808
62417
82146
37870
66977
16396
32651
17491
83501
2263
17244
76179
87286
10130
86482
94908
78529
62332
3138
81737
63788
53164
93856
72207
42266
93877
47463
46201
8023
92060
98361
51135
90161
59517
4744
65056
63851
12361
48475
30332
54970
54281
49656
11
93839
47216
86245
77542
8877
28435
28863
77539
57619
4370
43384
90956
41889
23211
73394
83480
57432
72960
12562
13265
76254
35229
90116
29526
32955
42602
4452
41957
86811
1728
37088
25516
50253
892
71619
52963
20177
8665
13612
10318
87337
61757
91807
17597
83381
46145
2504
4324
68892
89585
96683
71285
40535
96972
87793
90852
92687
43816
90487
37835
46797
90298
3331
1916
27046
37512
75254
55831
49322
11843
17385
33536
17278
31303
3539
56740
49579
52371
78463
79329
41909
93862
80889
71149
92737
68482
33289
54527
77799
91653
68675
21238
27245
35361
19144
88182
52573
39873
56567
9988
53488
5359
83282
31202
94417
37376
39261
9482
47070
80764
78552
21049
35691
62407
78597
63606
6711
44442
16830
67192
81476
68390
31837
28811
60862
6243
50030
61326
86339
12677
7532
43338
77624
94860
96610
41575
25391
74474
17029
80311
65151
11031
46124
69004
80882
87
37190
36105
26674
4753
15536
21478
64547
81235
68553
89077
83841
40600
74063
33550
9642
79902
96519
56792
31681
87494
70632
11865
68366
36947
4414
23846
85536
80937
42228
5977
55946
64636
93224
28115
30071
10061
23287
39222
47998
80444
37648
91074
91101
49548
6200
42163
86422
55876
23040
52771
42310
15796
95217
53583
81389
43853
10132
65322
26688
33531
40432
4179
11665
85377
71382
86150
25762
53551
47467
36728
10058
27489
49420
32787
81943
90429
85162
6592
35939
72451
25661
77046
64773
69919
36188
94233
10290
3614
83866
8467
66993
15328
2861
30745
35118
70148
99258
46359
55317
22350
93187
99849
20862
61500
22664
69299
68540
7187
17116
86077
85203
16847
13022
5748
91834
1563
32958
27266
79101
90646
52232
97649
53411
64392
68626
99468
10063
60291
30110
54074
47843
44224
7329
56922
96922
18863
83727
50081
48344
51566
81082
72328
21731
41152
31575
59460
45622
89727
51910
81222
64682
26584
49471
83973
46142
90366
5273
1515
80647
18451
97832
37259
36362
98042
58731
85727
73357
83911
24720
11911
79003
42070
59914
50759
76057
73741
22951
93742
6329
575
10401
66428
67601
66609
40688
22241
18344
26201
85212
91716
98248
45490
96835
98153
84601
20175
64948
641
43339
44464
69220
74282
5070
52800
35324
94949
17586
39567
24650
91648
11928
54392
9098
57638
39647
77413
56766
74745
91790
32850
42257
6342
55363
86789
47748
85245
24967
11235
39469
7319
27889
18007
70573
69041
93874
87580
21798
84979
2522
56437
44336
92017
22161
91965
89975
34233
63747
5140
92735
39362
58478
4457
67431
43933
32536
10924
49132
9667
37034
54090
3097
81916
22802
82343
5872
72105
81277
78790
10468
67782
27638
27799
630
3085
63435
66311
5280
1717
15413
69325
79897
39419
78925
34624
58024
21062
58895
42100
78873
48988
99752
77652
43706
35505
63793
88742
41708
95490
50372
6966
97431
86875
70936
84183
97630
43840
96072
2961
90374
44173
30044
1682
2234
47252
4007
45215
86627
90020
60175
83131
48703
2767
44064
67433
65389
75319
3478
7491
82269
58080
65445
37328
23601
26501
25800
35037
36649
25618
54742
12215
19886
37222
98359
24368
19421
73062
1892
56002
94355
58871
43173
87430
33394
55010
97399
88370
33522
87625
61879
48623
10844
76401
46965
85123
38039
14590
95569
41329
56978
31681
70484
43747
24423
78300
31443
37457
44475
72981
37589
56045
18389
41221
85970
87366
61767
70715
88745
81093
93482
88520
20609
45504
68203
58008
29962
91480
77081
4524
1026
56943
95401
31675
20482
10952
66158
54000
68518
2571
97265
11358
87360
94926
85787
99835
44610
93435
28673
26159
13338
82560
21194
85630
53715
73434
4420
74681
93917
22201
62342
49742
49502
49146
50455
5066
53048
82883
91020
52159
53101
34455
34377
52634
65444
35785
62350
21059
39784
85850
27117
87487
55437
68291
24786
80804
99437
93090
37960
49382
17199
41025
16942
73315
11411
5526
10031
29424
31222
57666
873
32938
28322
22158
63868
68183
78124
28540
70950
20315
7672
54337
14689
85535
94941
73896
85923
77967
1374
15516
75745
71622
13361
16677
45022
95110
6006
61209
56853
22262
77703
61114
36411
92966
64758
57804
58082
39832
95099
46928
95323
45301
29511
1739
50354
23682
25565
12195
47044
15040
70761
65599
81363
1046
39585
85954
9873
86943
55406
61013
42168
55156
58976
74402
57099
16919
63540
82733
10528
45234
32941
51267
71798
10066
44325
45776
55784
20415
7510
78952
16769
3441
11542
88872
77138
18689
92216
57409
42864
2515
72439
34624
1633
7751
91772
62952
75967
34176
117
37879
5056
23541
47812
85331
79528
87126
62968
14755
43718
19822
12570
32168
3207
17971
58087
74984
80925
1236
39665
69314
93440
39912
2328
69987
7470
72258
15384
80352
11909
45257
9974
65792
8173
61231
74467
9223
63236
61098
78873
25098
86063
89575
61709
91647
14111
6677
66961
48591
51785
67793
77048
44416
18080
32574
36565
76011
48279
15285
74489
606
55259
30569
85171
74187
65275
89188
51527
12044
45578
32257
16189
73789
79811
66819
82392
94302
77573
53384
4643
64703
23070
83042
52458
95875
39492
29762
6444
50529
68752
69550
57719
89433
87889
62313
3507
99003
36185
70899
13811
8539
86906
90235
65911
96607
65765
6462
29097
9630
64178
44019
12320
88921
93320
78428
27621
40631
46470
48359
36577
64108
7305
44390
82303
40492
29094
22124
28046
33067
269
64333
60169
3950
94083
33719
9723
79425
76238
25956
42152
39841
61771
70035
10961
24602
70943
97914
25510
56899
53523
19329
77827
86738
91042
25615
65210
17199
6684
9936
99849
78580
70310
11051
58826
41009
24768
89197
81712
40829
63861
79047
88327
95318
859
26408
21478
44264
43627
61947
76557
24571
4696
13120
2630
1262
52608
3880
82657
83365
41884
66146
62786
96955
51382
35607
33109
89953
13813
49005
31359
52206
91315
58763
53400
38426
62290
94018
61257
23925
65359
77253
93167
71517
76567
6649
12192
38463
14985
27394
89034
2560
22680
89749
25304
54192
26343
19440
41400
61358
30030
37886
62170
41659
72691
88509
76629
44042
61420
38656
71652
84392
17764
66058
65251
17592
9128
79221
50545
89384
98001
71171
43837
60410
20075
74329
13219
18618
9601
33576
88014
67409
23617
78944
87232
60700
91988
6125
66578
58993
78362
24274
98755
50429
62349
62434
8332
39605
75667
14882
53959
32828
45334
54220
27866
13910
72392
33120
3963
37229
35966
26418
55074
86463
11528
76517
73629
44665
36954
6529
57184
15181
63914
64156
76030
81301
64360
99633
82487
41198
49737
35882
90455
5154
64229
43184
60750
50116
63195
97368
7604
50564
52023
43148
30695
51343
56529
47807
60850
97500
36744
60457
13721
88732
72789
55724
88198
29762
8065
33197
16446
74173
5411
13653
83458
37933
69698
38724
85567
53596
23430
64805
23503
66761
31405
48234
50781
45077
80035
99798
25505
10484
30309
79186
71605
48555
37506
8086
72658
34874
5771
72813
30095
42747
70080
79237
33416
73575
30590
90055
62049
29564
48452
71269
21380
26997
74808
58917
56443
27832
81294
33618
782
65557
81324
79126
29117
36454
13011
39654
99866
81545
42167
55434
96276
46212
49900
49541
4900
46382
55047
51287
62000
25499
5259
10799
33817
58800
68357
67265
55792
55876
12479
52479
98989
60606
75837
72614
71722
93485
48726
10202
3065
65469
88066
33278
89119
88202
20642
38356
34012
87157
52568
67891
96559
55796
78517
80865
99719
66969
27401
18587
50130
89092
17772
92859
79143
86312
97185
24557
91750
26736
2685
12469
63259
77712
23885
48870
19976
97650
97560
96981
98664
4209
8534
52635
66130
37554
18085
77536
2594
22107
63004
14816
50169
37508
30346
68543
70551
12712
94246
68799
15929
16620
62543
31837
29731
51232
45542
12733
24677
15755
94949
37000
26288
30081
26200
77126
86341
49278
66406
11598
5316
59833
55775
52806
33307
39744
82123
35582
74066
98795
61663
61257
90328
50657
10033
49655
98920
52298
27464
68440
68209
68214
29383
38741
37090
22279
19014
83059
71974
59763
51061
32696
22419
38770
28982
55356
74589
47770
46981
71006
82800
91809
30740
37731
25756
56840
87903
39777
30459
42311
43158
65979
38516
76249
33951
90717
77334
74145
58203
45914
3879
70300
96518
71006
49721
53166
32581
40820
72954
57716
57980
78250
68729
87335
31907
91004
24815
73712
96655
11938
59737
68947
1711
95354
29406
80156
13375
27556
22339
41256
55576
56703
55796
31659
23572
62597
63137
25464
31448
82336
41412
13448
49331
14651
37661
16526
45598
18408
98076
28135
49648
92936
6116
14330
69967
89018
86358
98236
73549
94239
81920
8146
93936
81270
13112
95698
64139
39960
71929
25896
66318
53446
44561
1002
124
10571
65809
26035
17033
83320
26352
21793
23809
96121
84159
10191
28399
3173
68659
23909
58248
59332
47212
64087
26523
68270
84434
24017
4601
1531
48097
24958
71502
48441
63748
46269
73765
31771
35709
36581
4887
40925
96009
66573
2608
62889
67816
34248
37562
1806
59588
41779
42037
19269
63661
37928
50201
21703
64760
42301
23995
1367
22216
56661
84775
37862
93715
47709
34288
57525
9346
50719
82953
40776
56959
54562
42946
73063
58313
90937
99335
1636
6983
18778
87651
33560
10706
50801
19543
52980
71079
67917
29678
20299
39607
97752
89307
9506
16003
34565
73153
51293
26000
46131
99580
89071
98028
3931
6220
27275
41481
18668
27340
45899
31843
39400
18210
58321
71877
42807
97495
84973
14376
71734
43223
55486
41135
95820
67084
42792
22305
77247
57608
60302
93935
41528
67810
89422
10636
71164
88750
21086
78515
54947
8297
71953
66712
86825
90652
49827
78899
2673
98431
44435
11673
69545
76283
15445
84510
15799
96192
87179
80965
15795
41381
6861
21491
28594
26048
54141
69450
65014
14200
43446
3665
30478
55580
55327
40929
40987
30494
48550
74686
4083
81897
62441
62268
57749
97331
27851
20651
13513
62814
76705
28703
53893
49099
90729
51887
22546
84903
29404
34818
98972
23225
31515
84919
54528
10446
53029
76670
85904
21898
9242
44753
2690
88276
59023
55268
96614
58884
21302
63963
57686
329
87195
40572
24618
60334
79307
50167
7918
28524
56393
12402
57604
6120
79033
870
44792
54654
62765
58669
57068
46014
82657
1530
99898
12715
25810
81828
8467
99941
5258
33307
36191
89846
70983
4385
98371
60964
95848
96768
97575
51850
23831
26964
67312
82900
66258
40931
40291
6070
53595
34338
68596
67841
2365
39380
9698
43123
12069
22985
48460
14248
20805
52384
61664
54373
41563
56493
69392
11018
15581
70778
77761
46666
58908
34111
31050
26487
28336
70684
61411
3889
75693
51353
64787
77543
15541
36551
92279
81461
51775
67580
19077
43754
14426
67616
26761
61867
97658
42111
32627
97385
10839
47465
13392
84536
71971
61720
95283
41213
76988
97238
40313
84469
1957
72248
21074
78970
62806
25380
44789
95364
64273
89548
99025
67013
47953
27944
58186
91109
92093
90505
20346
12373
27980
48051
11243
86058
47998
15255
34436
98493
9310
81798
87145
53276
45131
68515
52384
41292
16957
62194
20861
10520
45382
81962
7943
36823
65145
39801
90505
96838
59864
63808
81920
3501
54994
91622
21824
66525
68532
38107
51777
53493
11025
18656
7735
22080
21175
828
34267
70742
23239
71773
86074
55306
4417
7115
7811
80905
23107
35773
62521
31371
68582
150
76835
96837
11989
99149
80321
35733
95856
66541
25939
63419
74149
26951
74688
56294
26301
29809
26167
52095
91543
99280
48072
61788
91437
73287
73155
54651
19605
32203
58505
51654
78215
43080
32052
38614
27254
29655
4431
74567
96478
63080
8562
18426
61372
56185
32053
41428
28518
40940
98487
95728
70624
62702
10612
23630
55967
12970
94034
10910
75188
39261
73167
22321
10061
38350
77624
54027
48369
80265
84892
45598
53428
65241
20319
96023
42067
77052
7310
88585
27001
50675
7655
93455
60710
33133
70980
80256
76274
66880
15685
92460
17683
72673
28809
78880
95769
82220
11792
16987
9740
53101
37317
86165
88974
64437
64978
61711
49558
48117
37205
53767
34149
91069
64249
82458
21820
15298
70719
2474
92121
84757
79593
97671
46480
74886
71726
8537
88615
96686
71177
98367
86252
32213
92285
46184
39102
62457
53552
61926
3841
23913
72092
38233
47115
67485
96435
14261
29697
2337
75225
78100
81097
38066
54447
18149
59826
62049
29806
96452
51285
63308
47088
69864
55269
67815
76546
56455
93409
92943
89260
39379
30335
93263
48683
55816
15173
37729
43162
43326
54374
52454
89401
92757
46173
34612
91060
89932
75580
61951
8605
77725
99389
61014
12524
8061
42725
97825
98990
27046
791
37950
36815
30717
23947
98023
78880
3556
2345
81312
43660
84865
32095
73596
10286
4469
20551
81105
74332
94156
68228
79597
33593
21321
60366
7566
50950
97215
69761
24209
48137
89439
76819
46894
93000
38873
92795
77135
34097
30911
59452
90678
52543
47869
532
18842
94083
59258
64014
18432
66363
38808
89639
65276
51041
37417
75625
70246
88636
85315
49205
4153
27273
97669
55857
59398
56664
77096
78840
30951
43876
78959
41217
70636
34473
63912
27332
625
45837
72671
86024
56027
99228
42996
22815
19540
70477
82071
99348
30500
41492
78627
94536
1548
70039
93209
70392
94773
71219
71192
62114
68412
87670
5788
69920
40723
97759
61045
20555
92082
35460
83895
19896
60261
26323
62647
26694
44486
64568
36614
43
40144
92768
93803
35633
77374
83578
36009
61555
21256
20796
22655
11424
79684
63604
44069
10914
37445
31075
28796
93406
39607
35769
27510
196
86401
76130
46947
49889
48547
22235
22637
56975
46657
53350
42706
89671
12831
21668
17959
36154
83160
53686
20774
97226
94950
16833
82738
69595
43437
40675
21386
15659
31696
20281
39293
3603
14670
25651
99511
85894
12169
51097
47129
61056
12597
61548
79464
5549
73542
6378
56467
74927
38460
87021
8933
21638
80519
37583
49628
52537
5033
27247
97797
39012
62366
23781
64476
91435
68914
92796
12790
77997
80988
13657
5237
68400
71747
49652
15092
46333
76641
54112
99387
25759
19298
77768
37576
6437
27414
31824
21414
95728
51822
19983
35339
43736
35420
76202
29177
84678
56400
46832
37780
57125
66042
96906
90108
69186
39864
95727
59731
21231
61394
69177
57267
5494
78210
63869
84862
76902
21444
7269
16682
42539
65428
58962
30631
42074
48557
15309
83651
35798
91588
32026
71431
53981
44300
86545
71174
43529
3529
37155
79216
17175
71952
13493
85341
29875
94454
97645
67629
59735
30174
92390
13166
35090
50886
14348
56138
42905
3374
27413
39403
88413
23343
1696
95673
67951
34592
33026
58279
78758
94957
29360
89013
83942
57462
36633
18870
65381
96936
67791
80307
82885
77965
70074
52358
71485
68863
23438
77389
72938
81894
64871
79481
23172
20723
76894
24069
18059
57951
14262
766
96380
1197
65334
25698
71206
69628
13802
40611
61745
64073
13546
7106
84146
11919
49533
13556
71764
62053
54355
70476
29845
68517
26563
73737
25533
22888
17696
54875
69418
88042
12580
91422
14658
90167
73892
43751
75526
46867
61607
33921
89160
65980
10004
69495
62173
14846
28125
73640
34745
8715
30272
86813
29592
38201
43942
61245
20786
55203
44041
42313
49485
87858
36170
28200
59688
69799
50296
38392
18622
62043
38649
28785
328
26510
7865
27667
49425
99851
61427
59017
47628
31784
66630
24328
13250
8469
35093
79322
5949
22755
57665
36189
26025
3264
4316
15721
26231
2037
29155
45059
14722
85510
93097
9233
10335
77693
61676
33707
25008
44324
63619
1360
72273
91817
29393
18381
74979
29967
58491
32400
82034
29409
65116
37462
37599
88500
98236
55051
23018
70302
33876
90100
90323
40534
96633
42745
87853
53092
13560
44058
53121
59436
73850
13311
7695
139
75656
63982
91753
65694
68094
86354
43635
51028
87987
98532
35427
25575
54576
85973
85977
62324
86323
12676
47087
29153
21716
67408
86287
99617
57989
63309
6072
41975
97676
12480
94436
57313
86220
90670
86897
31868
29966
40602
49062
2388
43710
4567
39374
65645
97163
15719
79918
44615
69774
42403
44444
13777
28573
34589
57113
72903
20359
70642
71902
10730
3805
16604
29964
30339
13809
46489
63624
90255
50155
40633
58118
92484
68590
47697
17928
87447
65843
33981
25440
53860
8224
18176
25097
78209
14759
80848
47453
40357
2068
6498
17574
90141
90245
23917
80608
54863
69390
3864
75325
94040
48129
18902
71408
33429
96196
70692
51845
51759
9282
84906
97863
1377
30215
20906
14734
61167
83195
69163
91613
47466
56656
9176
64048
47059
13378
46310
42074
30060
9119
23160
1989
75566
90666
91702
30246
60450
45112
10783
81812
15514
59948
65642
63196
78613
64476
12313
67353
27442
80895
44629
9148
51514
45062
94196
88266
98533
47000
9978
24247
14198
86551
83906
20285
23058
27349
6403
23261
35214
65687
86399
27177
47378
32753
52737
62457
74755
7355
40431
90092
22118
19556
68059
62842
39297
11429
7367
87061
21184
77542
88624
24833
70365
69422
68680
69186
13982
77557
47701
68646
53130
92241
95424
24029
21441
78369
1154
11381
45763
41872
40422
74768
47784
73061
34528
13093
26846
68044
9351
58870
64374
7053
86660
45159
50113
9482
8643
26462
67453
41024
11648
56179
35889
59524
66345
50473
70091
97992
40315
23580
94458
58056
18367
19346
27057
9864
16190
12031
13456
17920
10060
98561
60594
15782
58130
29310
81410
84815
65655
20830
63725
87904
11359
6605
5679
17811
57774
26658
15252
52027
5173
21137
23420
66877
97177
9200
82594
45976
27509
30272
94117
83990
92271
34657
77755
17333
57686
30587
26429
26285
6676
69926
7977
47277
72198
53033
87058
2701
52586
38683
87976
2559
33952
4251
16198
12281
5340
3230
23986
47703
12367
20240
81079
51396
84464
11298
24459
27761
78896
32212
50652
22828
65594
88701
92163
66231
20969
47396
23611
82340
46932
74126
48744
31357
43622
74157
16434
89040
55006
84229
38084
91076
88733
87019
65237
97387
92445
42923
25081
22521
28707
64352
57008
72919
13613
49450
98703
28744
93846
27458
9134
27798
95929
96419
58821
1196
94972
79417
94166
11875
70213
31568
58117
15019
51168
39672
23010
95739
6247
21973
7573
4056
42709
43471
62931
47517
88504
37460
81125
91780
78853
40976
61964
95133
44968
50686
91368
99937
62382
72209
97288
8547
76417
71914
34653
8995
18111
62918
81960
99564
97446
80454
22860
85833
33551
4004
25593
35540
10744
6736
15151
80646
1640
50467
85764
95259
58807
84317
64912
46482
81917
65897
30310
69823
6599
74942
99019
65014
62284
90329
12078
73815
58769
36790
92847
86582
21661
1404
17509
67685
46428
49296
84883
89835
28402
87696
57034
55355
82189
84821
41640
2200
76916
23506
92097
20795
32511
14445
57254
29890
11676
88910
56716
9118
58170
9205
65437
80423
86730
76533
61082
92683
65804
66170
77012
45897
2041
92498
3672
46917
13575
172
43670
60809
41049
88587
53139
19176
28735
38521
51338
47984
30370
43149
19153
78037
10653
46289
51456
43023
78054
1543
89098
60756
23001
37416
46849
57850
62465
96173
10911
6762
71294
59929
75293
63157
95367
36628
27255
64518
59968
6162
45877
56213
14063
79159
49963
41680
83352
25534
55822
65009
78025
87021
47375
12822
97583
56851
78732
50647
31281
57677
4011
19834
47753
87817
43852
26297
27462
45246
70533
20478
2148
79871
78194
37793
2605
39854
33282
22388
230
92379
78522
31309
10563
77725
7604
33288
62438
26152
63734
71975
18859
86192
41197
60421
40349
67289
45942
56126
50691
81605
76544
91721
58803
44721
15884
58391
69165
46445
32825
74437
47905
44736
75504
45070
54527
79564
71329
74038
89769
5598
20463
15395
14649
74970
54987
64391
48203
4611
82948
40541
19876
74172
72682
6669
50073
35057
17290
71971
8375
3548
11692
66131
73456
36640
18088
42075
73026
54408
83958
36884
10192
70036
9571
7672
15375
32598
40189
34007
59355
16109
74068
51437
49306
98379
15840
90770
68439
1485
95338
22472
32498
30943
53627
1572
14749
66503
16186
42529
42887
60361
7765
82572
85638
99337
69369
50628
92312
92808
55753
5241
74577
84645
23092
7117
20342
78218
44918
63599
32081
56447
45312
98318
71666
3699
21106
33562
60477
65881
33450
8850
85892
31702
69120
71732
21588
10878
54331
56845
47939
78525
26733
89191
77703
70805
30621
1636
23160
69186
7326
117
72251
65754
74019
21148
21053
80264
48266
72867
36710
1422
28494
53673
36301
81211
83150
70474
15009
82466
43218
84710
41353
91804
43080
35062
69589
64658
79825
18928
7721
9657
65349
89784
4511
83567
89142
2350
12363
39488
18639
86074
2324
88184
11271
16408
33547
89931
78531
70360
36412
39110
96711
63651
19100
27919
30136
79189
60017
35724
72035
89596
23582
55674
40462
96293
40957
42947
15384
97430
6815
32369
78115
35038
62036
89113
45222
63473
41937
54584
44924
28846
55206
64941
19687
17600
40002
66992
25185
78450
41071
76744
90642
79851
83352
77758
26233
55621
43711
46972
68517
28614
86610
10705
40206
35239
60548
9124
81964
33527
89565
21129
60209
96895
39358
64371
48335
35042
58976
43149
21464
14902
43271
79761
78104
51988
1776
67051
75939
81697
81727
96928
85979
34428
37556
47364
19406
36458
49742
86417
50168
11358
89512
44939
20280
71374
10589
12994
37672
9015
59054
81517
51268
89891
50019
54877
9676
59829
14212
61712
76273
44335
86591
50064
24905
6362
86694
58282
95314
85467
6092
23232
55549
148
10511
57130
57217
10532
41718
1418
66478
47116
12638
63823
92052
75379
11320
70092
17520
21888
13781
72155
84577
24027
62594
48840
61408
83737
25160
88748
58910
54463
31777
67726
5448
58227
28869
79312
66015
24759
14465
40097
74340
24441
18279
99297
51388
91879
92393
84663
56867
50881
13287
55144
79583
32380
62853
28190
78963
38710
60649
56105
15014
34536
27583
23822
97332
63279
33928
7469
93107
68561
93510
15848
70058
76749
44381
88634
72089
93465
6311
19568
44939
89762
68032
74893
20284
56374
48988
49243
191
18726
60771
2815
68636
54135
97005
33752
13101
37000
11952
54888
40017
80439
37472
8826
24111
42857
59466
52445
93248
45030
87202
97462
35442
80599
46135
53028
80887
42495
34914
22561
64243
30120
64791
41438
19789
44064
62935
6790
24185
36024
62678
45390
5581
84752
7403
87147
64763
58098
10304
77984
67993
50083
41325
25657
10872
14549
83228
40552
34865
17918
20823
1602
14191
23160
59664
39195
8894
33220
665
1451
25675
74871
23575
32164
96450
56257
19750
16104
77068
39166
53912
94602
64481
25534
64898
99003
12945
23463
63238
47983
76575
83521
27852
20654
15677
18561
45567
91982
12310
14173
92940
40279
62506
33995
92978
65557
61153
48913
51364
59248
47426
17280
33037
67786
52380
11902
97053
79233
10651
14656
991
51447
68240
46826
97318
74356
46739
10326
38561
3274
52666
33924
30379
77294
31125
27577
24379
78613
87459
97874
72769
5236
46512
7847
10653
15402
91973
58005
56071
10715
24489
90010
77460
23052
37207
49330
20266
98965
65428
61643
53249
65440
16073
49905
82020
83174
57425
44103
63422
14946
31069
92585
73697
21369
38111
15124
60279
38149
92594
82355
4079
39329
64576
49469
92847
62501
1115
27134
59775
39618
74994
18146
93788
24472
69493
41533
93441
29164
31161
90788
81969
62909
79962
27868
84156
35237
39616
10991
14337
13165
94925
55785
93330
37840
35469
46703
38899
30010
25020
4502
37254
73454
7861
62801
28685
61468
81053
71803
82961
44218
43628
67869
50155
48327
36482
10593
60483
24884
45604
17575
56244
24881
71612
57940
66470
76515
30246
86117
39821
90265
6574
95127
20757
84765
71253
35044
44894
61105
66722
25365
53262
19534
44041
87135
89819
53707
61605
36193
81782
34666
64386
92503
18143
97605
52024
66297
83706
5285
93814
92426
8519
49928
45648
23790
35928
76213
96689
41163
94461
52803
73800
63586
7718
70400
2068
87204
54824
78709
24215
92399
34010
32461
99463
69584
43293
52255
62705
63743
29357
65395
82491
76212
81411
49354
74315
10579
19849
665
4883
45105
54939
42353
29947
60272
91928
97840
91344
8508
91570
16895
174
16365
4994
37516
36544
36112
11666
11862
51029
84027
6262
40
69456
62992
90768
11955
39775
96522
38858
86500
83966
77788
28944
27258
77352
42056
91336
88470
32644
5600
78510
88649
8982
74389
65133
74840
47800
45622
55974
93902
98022
16071
99585
76586
6927
16373
53371
53590
4834
11240
28525
4482
68510
5632
33585
59907
38355
25768
20738
65986
9181
23118
93964
99278
38061
24088
5711
87202
22474
62404
36123
12846
74816
37893
29171
49131
66448
6041
60177
90737
28151
65673
10113
71403
39031
78701
5019
27216
32182
57905
57700
34272
41430
14891
60893
38965
12565
28451
39932
81629
43637
54940
14709
59988
97029
46710
60137
36870
13442
91051
86134
4178
37105
74464
29652
69673
26388
34887
36714
97555
32446
45374
51131
50710
97529
53545
17386
62156
37047
80432
54413
54049
55646
53992
95035
32380
19350
77949
22250
88897
60207
75317
58037
8788
44901
90292
44014
72111
16835
26282
56808
27773
57948
71518
6536
52721
35590
23822
64400
15838
74656
17871
9966
85302
6573
89604
43988
63154
80035
23504
57032
17767
63975
83052
15440
26398
21089
24748
29757
82975
77229
68011
14394
57143
65480
9928
25112
16808
787
75027
290
58164
48783
1369
73086
47369
56007
95114
73488
80311
53850
34507
6021
44456
32442
76884
6049
64903
45634
9026
14651
69702
22706
44799
35688
83125
75130
78873
84085
31042
49496
38858
27715
72586
13518
21910
54579
90522
19080
79847
14109
58971
14475
3270
35954
59230
81215
91111
44969
46935
87823
88356
2811
56400
26761
80792
51506
13805
47559
51154
6198
67713
80197
70013
48949
15161
97948
98252
41620
12679
88416
62643
93811
72965
78356
64451
19269
28665
19975
58750
51439
64218
33304
26817
69773
61566
48448
71728
39149
21963
51428
31968
52768
42080
43952
63633
77169
82121
68796
25221
9419
71861
24889
21005
35191
64032
79161
57454
31507
18054
72604
86983
84680
3771
51662
59058
68177
33390
65308
65561
81997
60792
62728
35435
55926
94356
72422
36650
49093
54257
32437
85995
17787
54607
28854
99348
12798
48063
72147
96187
23825
21595
71022
11883
92080
42751
56094
88710
25739
5181
94088
80377
68718
85694
98633
98992
64508
7927
38907
33468
99652
6125
97755
46827
73608
43983
95721
143
46887
10204
69779
96703
26527
38108
9732
70602
28873
75548
50656
87851
10000
95744
75968
7622
44037
21180
27105
31918
14036
95171
4486
44140
15339
55115
24164
57449
2801
57126
74061
93013
50724
14781
82694
25053
51800
40799
78004
11642
77329
5055
24900
43505
94187
24835
7071
16722
125
73202
40770
34089
74637
98171
63290
6320
98293
66071
9810
32394
41179
45466
85148
52829
10562
5828
48488
76805
20870
1176
8959
79619
29080
28693
3162
67743
2648
35348
41820
46094
33653
51855
46592
99063
39749
31102
4667
67906
73304
59986
36954
34138
22572
79964
45526
45997
50701
65754
8987
6917
65978
33302
26209
606
95496
36882
92341
66990
79229
55908
93052
80530
72905
98307
61273
69025
22357
25783
97157
9263
35555
75671
28969
60465
99246
43777
29621
28493
96697
16288
38110
20533
60213
31096
59652
32357
30103
51872
35133
74889
37572
32360
17507
99800
21040
75341
32834
15703
3237
47306
74746
60140
94741
72885
74310
92765
99361
48097
88051
96151
55823
89074
98559
3249
76885
28492
49344
42854
1220
63440
61981
45015
79431
10853
7490
614
63334
4380
19458
49027
60747
63062
44195
35969
26162
61530
60657
18868
9071
67634
43617
22154
54069
84915
16782
96113
99978
62173
85270
31629
10057
65641
48839
4129
14668
5235
2070
42389
9797
14151
23466
57641
73985
6455
41243
23317
30762
26916
20008
54628
32446
7333
18264
87880
11931
70018
90801
97233
92926
43969
33944
19994
24259
14570
19797
21711
42513
56961
46930
62304
62741
80543
31978
77522
66530
51924
15029
70272
89540
63518
61072
97676
72403
18965
19941
98378
66043
2062
89802
93205
8801
42039
73907
21407
59691
40035
2511
5919
24618
55073
76878
2877
28597
281
94082
26411
48148
71858
76552
55632
10294
64541
35076
78461
26306
74001
8809
41022
56851
37430
13988
56349
73960
82463
36681
39178
80732
10185
67987
89096
4711
92501
68732
92901
93466
68648
5381
77228
86516
81049
55480
62750
18113
81851
55110
61733
11658
14208
11944
30875
86260
15274
33365
57273
73300
68146
82633
37863
80380
9087
23688
17797
60170
93765
17022
24259
86489
90269
2560
71478
94935
45403
20739
81848
86493
32787
6246
95924
48616
28743
55183
85239
10412
9335
99598
64702
23126
50429
2706
99807
98356
58047
6542
13062
1815
65274
27647
95153
17978
84108
34527
30969
6236
34628
33918
71424
46699
98188
15690
94246
50666
98224
75931
22694
43241
25212
41430
51794
96015
8802
85238
32570
11367
54813
81005
97712
50837
23847
52821
11593
26737
29401
38032
23004
86930
70402
39673
20646
21030
51447
2870
6985
31321
39903
45316
20162
14971
88560
9766
53387
7949
26085
34067
50732
3756
3805
98714
35281
65615
45885
85180
79760
64711
17222
45137
91306
87659
39880
11246
37904
65904
89578
77275
88604
93097
30199
49184
47835
22779
9796
66706
51636
18205
57046
48543
71521
61796
67648
77406
40086
9540
34845
89851
92641
7665
46124
85121
75768
19871
54319
3438
85934
53390
18861
64368
58156
66004
85116
38525
19352
90146
75058
24746
2933
95134
31776
6675
65660
16178
36534
91755
57208
35788
37166
92696
57241
55559
49422
22370
95415
31972
15784
62848
46583
13297
17506
29149
58063
4401
84155
53608
91765
97075
