99996
99991
99985
99981
99971
99967
99962
99954
99949
99948
99940
99906
99885
99873
99867
99864
99863
99855
99840
99839
99837
99833
99823
99822
99817
99816
99807
99787
99771
99750
99736
99718
99718
99692
99686
99684
99683
99681
99676
99669
99647
99647
99644
99642
99621
99612
99601
99582
99534
99529
99518
99516
99502
99496
99492
99476
99447
99446
99438
99419
99397
99395
99386
99378
99373
99370
99369
99353
99351
99345
99337
99336
99331
99310
99271
99262
99258
99254
99249
99248
99229
99224
99218
99197
99194
99192
99178
99145
99125
99121
99120
99110
99107
99105
99079
99060
99017
99010
98950
98948
98946
98916
98915
98903
98898
98893
98857
98857
98856
98850
98849
98845
98817
98806
98805
98793
98781
98779
98766
98754
98753
98742
98727
98724
98684
98683
98681
98652
98642
98609
98605
98595
98592
98589
98578
98570
98560
98553
98551
98529
98518
98510
98509
98497
98496
98477
98475
98471
98442
98433
98400
98396
98386
98380
98357
98353
98344
98343
98334
98318
98318
98315
98311
98308
98292
98291
98281
98270
98268
98267
98247
98236
98233
98199
98196
98173
98172
98159
98157
98143
98135
98131
98125
98120
98118
98108
98101
98098
98094
98064
98056
98048
98014
97999
97999
97996
97987
97975
97970
97966
97950
97947
97945
97924
97916
97900
97898
97895
97867
97863
97861
97861
97859
97855
97841
97840
97820
97814
97798
97783
97778
97778
97777
97769
97757
97755
97755
97748
97729
97728
97703
97700
97664
97649
97635
97633
97626
97611
97601
97601
97599
97587
97580
97577
97564
97555
97531
97523
97516
97508
97497
97491
97482
97448
97448
97435
97419
97412
97376
97364
97364
97348
97333
97329
97322
97320
97318
97315
97307
97295
97294
97288
97286
97282
97277
97275
97256
97251
97177
97165
97162
97111
97110
97105
97090
97089
97086
97077
97070
97064
97061
97045
97043
97032
97005
97001
97000
97000
96998
96991
96965
96957
96955
96952
96939
96922
96920
96893
96892
96884
96872
96860
96859
96857
96855
96846
96834
96818
96808
96805
96802
96802
96794
96789
96756
96754
96751
96751
96750
96738
96738
96726
96711
96702
96688
96678
96678
96667
96651
96649
96643
96642
96612
96607
96595
96563
96532
96501
96497
96489
96485
96456
96447
96444
96441
96418
96417
96405
96393
96384
96378
96356
96354
96352
96350
96348
96346
96339
96330
96330
96320
96313
96308
96302
96300
96297
96297
96294
96274
96243
96243
96239
96234
96209
96200
96200
96179
96176
96172
96171
96150
96148
96132
96130
96129
96114
96107
96090
96086
96079
96078
96053
96050
96045
96037
96033
96032
96014
96008
96006
96005
96004
95991
95990
95950
95937
95875
95862
95861
95854
95847
95836
95824
95807
95806
95804
95800
95797
95782
95774
95771
95770
95766
95765
95755
95739
95694
95693
95684
95671
95663
95659
95656
95649
95645
95645
95643
95640
95635
95627
95627
95616
95613
95608
95601
95598
95591
95590
95587
95585
95575
95567
95557
95544
95537
95534
95527
95518
95509
95507
95499
95489
95484
95483
95470
95469
95445
95445
95428
95400
95400
95395
95386
95349
95343
95329
95328
95298
95282
95280
95276
95272
95265
95263
95258
95231
95215
95210
95207
95199
95198
95193
95190
95175
95171
95145
95141
95140
95134
95115
95109
95105
95085
95084
95081
95076
95065
95064
95051
95050
95041
95033
95022
95020
95018
95012
95006
95005
95003
95002
94981
94974
94967
94951
94935
94909
94897
94894
94888
94870
94867
94858
94857
94848
94847
94842
94841
94839
94832
94830
94828
94816
94810
94803
94790
94757
94743
94742
94726
94706
94693
94680
94677
94667
94667
94666
94665
94664
94663
94651
94634
94632
94626
94600
94590
94586
94572
94570
94563
94559
94541
94535
94532
94528
94514
94508
94505
94491
94479
94472
94469
94448
94443
94419
94415
94405
94396
94368
94368
94366
94356
94325
94321
94313
94312
94302
94298
94296
94294
94293
94286
94285
94281
94271
94256
94256
94246
94239
94229
94222
94203
94193
94189
94152
94139
94118
94105
94090
94086
94085
94074
94052
94023
94023
94020
94018
94011
94003
93996
93971
93966
93955
93937
93932
93918
93913
93908
93906
93900
93893
93891
93890
93866
93853
93851
93832
93826
93813
93753
93744
93735
93731
93712
93681
93677
93644
93641
93630
93619
93613
93609
93602
93601
93598
93598
93593
93576
93574
93553
93536
93507
93478
93422
93421
93412
93401
93362
93359
93316
93308
93303
93302
93295
93290
93282
93280
93277
93262
93216
93201
93198
93193
93182
93167
93156
93154
93138
93134
93130
93123
93108
93056
93052
93052
93023
93022
92999
92999
92991
92935
92930
92927
92927
92923
92898
92878
92869
92855
92835
92783
92779
92776
92775
92762
92753
92723
92714
92696
92690
92688
92684
92676
92674
92673
92672
92659
92652
92646
92634
92629
92626
92621
92613
92599
92593
92593
92590
92572
92570
92570
92536
92515
92513
92482
92477
92469
92449
92444
92437
92430
92417
92411
92407
92399
92391
92390
92378
92344
92334
92325
92323
92322
92313
92301
92298
92295
92293
92266
92264
92258
92254
92236
92234
92179
92179
92161
92160
92148
92140
92138
92136
92133
92121
92121
92105
92101
92099
92083
92056
92020
92014
91972
91958
91953
91951
91943
91934
91917
91916
91914
91913
91888
91887
91885
91884
91869
91862
91860
91840
91838
91828
91822
91798
91797
91783
91775
91735
91723
91715
91710
91706
91706
91699
91698
91691
91689
91686
91680
91678
91670
91670
91662
91652
91651
91645
91645
91630
91628
91618
91617
91614
91588
91582
91573
91572
91565
91563
91562
91555
91549
91548
91545
91531
91523
91522
91500
91497
91492
91477
91463
91453
91447
91444
91438
91437
91433
91433
91428
91415
91413
91408
91402
91385
91383
91380
91379
91378
91377
91363
91354
91343
91335
91328
91320
91313
91305
91286
91281
91274
91262
91232
91219
91216
91214
91206
91201
91187
91184
91177
91173
91163
91146
91143
91139
91103
91095
91095
91090
91088
91086
91082
91053
91040
91019
91015
90973
90968
90953
90951
90947
90941
90917
90909
90902
90885
90877
90876
90868
90864
90852
90851
90843
90842
90835
90831
90830
90829
90826
90824
90823
90817
90813
90781
90774
90767
90761
90737
90733
90724
90721
90720
90703
90702
90696
90695
90688
90683
90679
90675
90669
90665
90647
90642
90631
90624
90598
90598
90597
90562
90521
90518
90502
90497
90465
90461
90456
90454
90440
90419
90418
90418
90397
90392
90385
90379
90375
90364
90346
90323
90318
90305
90295
90269
90235
90229
90225
90217
90211
90200
90195
90167
90148
90130
90129
90125
90124
90114
90104
90090
90083
90057
90044
90036
90026
90015
90013
90011
90007
90004
90002
90002
89993
89990
89983
89977
89975
89954
89947
89941
89933
89931
89927
89925
89920
89893
89863
89852
89845
89844
89832
89831
89825
89820
89816
89796
89792
89780
89770
89749
89734
89721
89712
89710
89696
89660
89660
89652
89652
89608
89589
89575
89569
89565
89565
89554
89540
89533
89523
89504
89504
89479
89477
89477
89457
89452
89450
89449
89447
89437
89429
89426
89425
89423
89408
89401
89399
89379
89376
89368
89367
89364
89362
89352
89344
89255
89255
89239
89232
89171
89162
89159
89122
89122
89115
89061
89044
89035
89025
89020
89017
89017
89012
88982
88976
88951
88936
88936
88932
88929
88925
88917
88909
88903
88884
88871
88869
88860
88858
88853
88851
88849
88847
88834
88829
88823
88801
88773
88769
88758
88754
88752
88734
88730
88726
88715
88699
88696
88676
88674
88636
88633
88628
88622
88621
88618
88574
88566
88542
88539
88534
88533
88522
88507
88504
88500
88495
88480
88476
88472
88449
88447
88446
88434
88415
88398
88388
88383
88376
88368
88359
88357
88352
88338
88335
88329
88321
88316
88314
88310
88309
88303
88293
88291
88256
88249
88249
88211
88208
88207
88192
88191
88185
88184
88180
88167
88150
88149
88107
88098
88093
88072
88072
88041
88040
88009
87999
87991
87987
87983
87975
87959
87959
87944
87939
87926
87923
87919
87909
87904
87866
87862
87854
87848
87844
87839
87836
87829
87814
87813
87813
87784
87782
87775
87772
87758
87737
87711
87708
87704
87700
87699
87683
87668
87634
87622
87620
87598
87585
87570
87564
87560
87521
87509
87508
87496
87493
87473
87471
87469
87444
87426
87424
87414
87403
87394
87391
87388
87383
87376
87360
87358
87356
87344
87340
87331
87322
87294
87288
87273
87272
87264
87245
87229
87229
87226
87179
87179
87177
87166
87163
87150
87138
87122
87120
87107
87105
87104
87102
87096
87089
87088
87085
87082
87074
87056
87056
87049
87048
87019
86984
86969
86969
86961
86947
86934
86933
86932
86927
86912
86912
86893
86871
86841
86823
86822
86772
86757
86746
86724
86721
86719
86712
86710
86698
86685
86677
86673
86662
86638
86635
86631
86629
86619
86595
86593
86593
86575
86575
86556
86550
86547
86544
86540
86526
86518
86517
86513
86505
86484
86465
86457
86431
86375
86355
86327
86316
86315
86297
86294
86287
86279
86274
86274
86271
86254
86251
86233
86211
86210
86204
86201
86194
86186
86184
86181
86171
86154
86148
86135
86126
86102
86098
86071
86058
86049
86041
86033
86024
86000
85999
85988
85967
85963
85947
85946
85934
85927
85926
85920
85903
85901
85866
85848
85839
85825
85824
85808
85805
85785
85783
85775
85759
85757
85755
85750
85747
85734
85697
85696
85696
85688
85684
85679
85674
85673
85664
85659
85638
85636
85635
85630
85628
85623
85615
85613
85610
85606
85602
85600
85568
85565
85551
85534
85523
85494
85494
85450
85449
85444
85441
85424
85418
85414
85411
85400
85390
85376
85368
85360
85352
85348
85347
85344
85336
85326
85315
85315
85311
85306
85289
85279
85269
85257
85253
85236
85223
85223
85219
85200
85197
85195
85179
85166
85150
85147
85137
85136
85132
85126
85124
85112
85110
85105
85066
85056
85046
85043
85032
85023
85008
84993
84990
84979
84975
84973
84970
84960
84957
84909
84907
84903
84900
84899
84881
84872
84871
84848
84840
84839
84817
84812
84799
84783
84769
84768
84764
84762
84754
84749
84740
84739
84690
84673
84660
84646
84619
84605
84582
84577
84572
84560
84553
84552
84543
84534
84525
84516
84499
84493
84485
84484
84484
84463
84456
84444
84435
84428
84408
84400
84373
84370
84367
84358
84352
84335
84309
84296
84276
84271
84269
84264
84239
84225
84209
84206
84199
84198
84195
84167
84160
84143
84138
84134
84112
84111
84101
84080
84075
84065
84063
84050
84049
84017
83998
83991
83982
83981
83978
83970
83945
83943
83933
83929
83926
83923
83916
83912
83895
83891
83873
83839
83838
83835
83826
83792
83787
83764
83759
83748
83746
83741
83732
83730
83729
83721
83719
83711
83703
83695
83687
83685
83662
83645
83642
83640
83605
83590
83588
83555
83532
83503
83497
83450
83404
83396
83392
83385
83385
83377
83367
83362
83339
83333
83323
83308
83296
83280
83264
83256
83252
83244
83226
83211
83204
83200
83197
83194
83177
83173
83171
83141
83115
83114
83088
83084
83078
83062
83056
83044
83041
83040
83038
83033
82993
82991
82960
82952
82950
82930
82915
82913
82905
82904
82901
82889
82886
82868
82858
82851
82850
82846
82838
82837
82836
82834
82828
82827
82812
82788
82784
82765
82725
82717
82702
82687
82684
82682
82673
82672
82672
82653
82648
82646
82642
82620
82608
82592
82592
82586
82548
82544
82528
82510
82483
82464
82461
82454
82454
82445
82434
82424
82424
82419
82418
82408
82407
82398
82363
82346
82335
82335
82334
82321
82317
82307
82282
82279
82273
82272
82253
82228
82227
82225
82215
82198
82182
82179
82174
82171
82165
82159
82134
82132
82125
82108
82098
82096
82090
82089
82086
82071
82059
82054
82053
82044
82042
82035
82030
82023
82015
82012
82010
82007
82003
81985
81983
81976
81969
81945
81943
81929
81924
81917
81911
81909
81903
81898
81892
81886
81838
81834
81833
81829
81814
81808
81800
81787
81779
81759
81758
81738
81728
81702
81701
81699
81696
81691
81686
81673
81667
81663
81641
81636
81620
81600
81557
81557
81537
81535
81528
81521
81506
81504
81496
81437
81424
81388
81388
81387
81385
81384
81378
81360
81351
81350
81325
81320
81318
81308
81302
81295
81293
81281
81268
81264
81234
81220
81220
81218
81188
81187
81162
81152
81150
81132
81127
81105
81090
81089
81081
81064
81062
81059
81047
81043
81037
81033
81032
81026
81023
81000
80967
80952
80909
80900
80856
80853
80850
80848
80845
80837
80829
80827
80827
80826
80823
80813
80809
80805
80803
80801
80789
80767
80764
80753
80748
80742
80742
80732
80728
80718
80717
80715
80705
80702
80697
80695
80690
80664
80662
80661
80652
80646
80638
80635
80626
80618
80605
80596
80576
80555
80551
80536
80511
80499
80487
80457
80450
80434
80413
80408
80406
80405
80402
80387
80378
80376
80374
80374
80345
80335
80325
80309
80299
80289
80271
80267
80235
80234
80227
80221
80196
80193
80162
80155
80136
80131
80123
80110
80102
80084
80078
80055
80025
80009
79998
79996
79981
79979
79976
79956
79955
79952
79947
79941
79937
79927
79920
79917
79895
79895
79887
79868
79861
79851
79849
79841
79841
79838
79821
79811
79810
79795
79788
79772
79772
79767
79759
79753
79743
79743
79740
79729
79722
79705
79705
79701
79678
79675
79668
79664
79657
79651
79628
79597
79584
79582
79579
79569
79557
79553
79543
79543
79535
79529
79517
79496
79469
79459
79454
79451
79450
79442
79441
79426
79398
79384
79377
79362
79343
79330
79328
79325
79310
79305
79289
79287
79284
79267
79243
79241
79232
79222
79218
79213
79202
79190
79187
79177
79177
79169
79122
79097
79079
79063
79061
79060
79051
79045
79039
79028
79013
78995
78966
78964
78962
78954
78950
78923
78908
78896
78896
78871
78868
78859
78847
78844
78834
78813
78812
78807
78780
78762
78754
78745
78745
78735
78718
78713
78708
78703
78699
78696
78690
78670
78656
78653
78649
78636
78630
78623
78614
78610
78603
78589
78570
78570
78543
78533
78522
78519
78489
78455
78451
78422
78401
78386
78371
78370
78363
78362
78348
78331
78318
78307
78306
78251
78247
78242
78214
78199
78190
78179
78110
78100
78087
78081
78054
78043
78040
78013
78005
78005
77995
77991
77984
77959
77944
77934
77933
77924
77908
77891
77882
77879
77874
77871
77871
77868
77868
77854
77848
77848
77845
77834
77821
77814
77809
77802
77792
77781
77730
77714
77703
77669
77665
77662
77660
77657
77622
77620
77618
77606
77599
77587
77584
77566
77551
77546
77537
77537
77536
77534
77531
77495
77486
77449
77447
77439
77424
77400
77392
77386
77380
77380
77370
77370
77367
77365
77345
77342
77326
77318
77314
77306
77296
77281
77275
77252
77238
77216
77188
77173
77140
77127
77124
77121
77108
77100
77095
77088
77083
77080
77060
77056
77050
77020
77016
77013
77009
77005
76994
76976
76974
76972
76960
76957
76930
76918
76896
76881
76871
76864
76853
76837
76827
76823
76816
76814
76811
76805
76803
76774
76768
76724
76707
76696
76695
76694
76681
76677
76670
76666
76661
76658
76651
76638
76633
76609
76608
76595
76593
76573
76568
76567
76564
76553
76552
76550
76545
76535
76532
76506
76501
76480
76475
76467
76465
76463
76463
76460
76458
76454
76450
76443
76433
76429
76426
76410
76405
76398
76395
76392
76392
76387
76358
76343
76341
76340
76334
76314
76311
76307
76305
76293
76290
76283
76281
76279
76279
76276
76267
76266
76259
76254
76243
76234
76229
76223
76202
76175
76172
76122
76106
76099
76078
76048
76033
76025
76020
76007
76003
75996
75979
75979
75969
75960
75929
75916
75905
75900
75893
75870
75855
75845
75845
75828
75807
75804
75785
75782
75767
75747
75723
75717
75713
75704
75696
75693
75676
75671
75670
75669
75651
75646
75642
75639
75632
75607
75604
75602
75591
75589
75583
75581
75579
75573
75558
75545
75542
75507
75503
75479
75470
75462
75456
75450
75446
75391
75385
75385
75374
75368
75328
75325
75312
75282
75276
75268
75261
75219
75204
75191
75189
75187
75186
75151
75145
75107
75091
75088
75078
75072
75069
75050
75040
75035
75028
75007
75006
74975
74965
74949
74936
74926
74918
74895
74894
74888
74888
74885
74883
74876
74866
74863
74846
74844
74833
74831
74817
74816
74812
74805
74805
74797
74774
74770
74765
74764
74748
74747
74747
74744
74731
74715
74714
74695
74683
74674
74664
74650
74628
74625
74606
74605
74602
74590
74587
74566
74549
74549
74545
74540
74520
74515
74501
74499
74495
74483
74448
74393
74390
74368
74365
74365
74360
74358
74336
74309
74290
74288
74281
74260
74211
74193
74191
74190
74189
74166
74163
74152
74148
74144
74139
74109
74094
74076
74063
74058
74058
74048
74045
74036
74035
74020
74019
73975
73945
73934
73911
73882
73880
73866
73856
73841
73836
73809
73782
73782
73771
73765
73755
73721
73697
73691
73689
73681
73676
73664
73626
73620
73603
73598
73584
73575
73563
73545
73537
73537
73536
73529
73517
73516
73469
73467
73460
73454
73453
73429
73413
73401
73392
73387
73382
73381
73377
73365
73359
73347
73346
73332
73330
73329
73327
73302
73266
73265
73259
73251
73238
73215
73210
73208
73190
73179
73174
73172
73165
73164
73156
73155
73151
73146
73135
73130
73127
73107
73106
73100
73057
73053
73045
73043
73039
73017
73015
73000
73000
72992
72979
72961
72950
72950
72942
72937
72913
72908
72897
72895
72876
72874
72843
72837
72807
72781
72778
72777
72769
72740
72737
72732
72731
72712
72705
72694
72680
72673
72671
72651
72637
72629
72620
72619
72607
72577
72543
72532
72531
72528
72489
72479
72476
72456
72446
72444
72413
72407
72400
72380
72374
72352
72351
72351
72336
72334
72323
72320
72318
72306
72283
72281
72280
72271
72264
72253
72243
72240
72237
72231
72218
72218
72216
72207
72206
72199
72196
72171
72159
72154
72138
72130
72128
72124
72105
72092
72091
72089
72072
72063
72059
72054
72048
72042
72037
72036
72030
72024
71995
71988
71986
71976
71950
71948
71923
71917
71914
71912
71911
71904
71895
71890
71877
71843
71794
71782
71776
71765
71764
71736
71720
71712
71699
71694
71683
71639
71624
71620
71612
71609
71609
71604
71600
71596
71572
71564
71560
71547
71524
71507
71499
71494
71484
71476
71474
71467
71465
71463
71451
71438
71410
71407
71389
71341
71340
71333
71324
71323
71299
71295
71294
71265
71248
71244
71241
71227
71214
71209
71199
71195
71191
71190
71187
71185
71177
71160
71153
71153
71144
71112
71104
71104
71095
71082
71068
71050
71050
71047
71045
71042
71042
71025
70988
70978
70961
70958
70954
70931
70928
70922
70891
70878
70870
70868
70859
70804
70794
70777
70756
70753
70740
70736
70732
70724
70678
70667
70649
70644
70627
70622
70608
70576
70552
70533
70517
70516
70515
70514
70504
70504
70503
70488
70481
70467
70457
70436
70433
70430
70417
70391
70371
70369
70363
70352
70350
70347
70347
70338
70330
70325
70325
70305
70285
70285
70280
70265
70247
70244
70214
70197
70195
70180
70176
70166
70165
70153
70150
70149
70142
70139
70133
70117
70112
70112
70106
70098
70097
70083
70082
70071
70058
70047
70046
70026
69998
69997
69985
69981
69969
69950
69942
69942
69940
69936
69905
69867
69865
69856
69850
69841
69837
69833
69828
69816
69809
69802
69786
69785
69773
69771
69770
69740
69739
69727
69726
69724
69718
69695
69691
69682
69676
69674
69669
69660
69656
69654
69647
69636
69633
69632
69619
69615
69564
69563
69561
69553
69550
69545
69522
69506
69493
69477
69468
69465
69463
69459
69457
69448
69444
69442
69442
69441
69372
69356
69354
69354
69341
69336
69331
69321
69321
69299
69279
69275
69254
69244
69236
69230
69227
69224
69222
69213
69205
69187
69178
69159
69145
69139
69136
69135
69119
69106
69099
69089
69089
69086
69070
69051
69045
69038
69012
68975
68969
68959
68955
68947
68939
68927
68927
68907
68906
68895
68884
68884
68884
68879
68858
68833
68812
68808
68807
68780
68762
68761
68745
68742
68731
68726
68723
68710
68697
68688
68687
68683
68669
68666
68665
68664
68662
68661
68656
68621
68618
68616
68616
68611
68594
68584
68579
68577
68571
68567
68561
68558
68551
68546
68529
68522
68519
68517
68509
68505
68483
68477
68476
68458
68454
68454
68438
68427
68425
68416
68409
68393
68386
68376
68353
68350
68340
68314
68303
68277
68237
68234
68214
68204
68198
68192
68189
68185
68169
68164
68157
68146
68142
68141
68122
68119
68110
68104
68097
68084
68075
68062
68062
68031
68011
68008
67999
67986
67982
67980
67970
67941
67938
67935
67915
67911
67902
67898
67898
67888
67879
67862
67856
67855
67855
67855
67846
67837
67827
67817
67816
67798
67784
67760
67730
67728
67712
67710
67705
67702
67693
67692
67682
67672
67665
67659
67653
67652
67648
67639
67615
67598
67590
67573
67569
67560
67555
67546
67544
67539
67535
67505
67501
67493
67492
67483
67479
67460
67458
67431
67423
67420
67387
67374
67355
67351
67330
67323
67321
67318
67314
67305
67300
67271
67242
67238
67236
67234
67227
67224
67214
67207
67204
67189
67187
67182
67167
67163
67162
67158
67150
67147
67144
67142
67133
67121
67106
67091
67089
67082
67082
67068
67037
67021
66999
66997
66962
66927
66916
66910
66904
66895
66889
66887
66887
66878
66855
66851
66820
66815
66811
66810
66806
66804
66764
66740
66724
66708
66690
66676
66666
66660
66652
66647
66619
66596
66587
66578
66555
66552
66552
66532
66506
66505
66498
66466
66456
66447
66431
66422
66416
66416
66410
66410
66373
66365
66359
66350
66347
66342
66338
66310
66298
66293
66291
66286
66286
66263
66261
66258
66258
66257
66244
66230
66223
66219
66213
66213
66192
66189
66183
66175
66166
66136
66128
66126
66115
66110
66109
66100
66075
66062
66058
66046
66044
66026
66008
66007
66002
65992
65980
65973
65967
65959
65953
65947
65932
65928
65927
65926
65922
65894
65892
65883
65880
65871
65871
65869
65851
65832
65790
65784
65772
65748
65748
65745
65724
65694
65683
65682
65669
65662
65659
65657
65642
65641
65640
65625
65623
65607
65606
65604
65592
65591
65580
65578
65578
65556
65543
65539
65534
65520
65515
65507
65505
65495
65494
65488
65481
65447
65447
65433
65400
65393
65379
65375
65371
65371
65363
65362
65360
65359
65344
65331
65314
65312
65277
65270
65233
65230
65225
65224
65223
65204
65182
65171
65169
65155
65154
65142
65131
65115
65110
65106
65106
65094
65088
65056
65006
65004
64996
64989
64970
64963
64961
64956
64955
64945
64914
64912
64888
64880
64876
64835
64829
64816
64814
64814
64813
64811
64794
64790
64788
64781
64769
64757
64754
64732
64715
64713
64703
64683
64682
64681
64679
64676
64660
64659
64653
64653
64645
64634
64629
64609
64598
64597
64588
64584
64562
64562
64553
64543
64541
64528
64527
64517
64507
64498
64479
64476
64474
64471
64470
64462
64460
64450
64447
64406
64406
64406
64399
64393
64377
64368
64362
64344
64335
64333
64302
64300
64272
64267
64266
64252
64233
64222
64218
64207
64185
64169
64159
64146
64139
64133
64131
64120
64117
64113
64086
64080
64072
64069
64063
64055
64048
64047
64047
64045
64023
64016
64004
63975
63974
63973
63972
63935
63930
63921
63911
63898
63896
63887
63883
63866
63865
63854
63830
63808
63808
63795
63791
63783
63781
63766
63761
63730
63723
63710
63693
63665
63654
63652
63641
63636
63624
63602
63599
63581
63566
63559
63557
63555
63552
63544
63535
63519
63497
63462
63453
63439
63438
63399
63385
63361
63343
63321
63315
63305
63300
63298
63279
63276
63272
63268
63243
63225
63222
63219
63206
63196
63190
63176
63176
63171
63167
63154
63129
63092
63087
63070
63045
63043
63035
63026
63010
62999
62992
62978
62968
62958
62958
62954
62896
62872
62838
62834
62816
62812
62808
62807
62802
62771
62770
62762
62761
62740
62738
62734
62698
62690
62689
62688
62686
62680
62673
62662
62620
62607
62585
62580
62573
62565
62564
62562
62539
62539
62530
62524
62497
62492
62483
62476
62476
62475
62473
62473
62471
62426
62420
62420
62418
62417
62376
62375
62374
62370
62355
62344
62334
62328
62311
62306
62288
62277
62256
62253
62244
62240
62227
62217
62205
62178
62178
62171
62165
62165
62162
62147
62146
62143
62140
62126
62122
62112
62098
62078
62065
62065
62049
62045
62039
62039
62027
62018
62013
61989
61969
61955
61926
61920
61898
61894
61882
61843
61839
61809
61808
61805
61798
61796
61783
61780
61763
61755
61754
61747
61735
61709
61706
61690
61677
61671
61670
61667
61651
61651
61649
61642
61640
61637
61632
61614
61605
61600
61592
61584
61566
61560
61538
61501
61496
61493
61478
61467
61463
61446
61437
61433
61428
61418
61403
61396
61396
61381
61373
61368
61351
61347
61346
61344
61340
61336
61327
61310
61300
61282
61276
61267
61263
61239
61237
61231
61231
61217
61208
61197
61194
61191
61171
61162
61160
61149
61134
61118
61114
61111
61107
61102
61097
61096
61096
61091
61081
61064
61049
61044
61032
61030
61028
61025
60988
60940
60931
60922
60909
60907
60835
60832
60830
60821
60815
60815
60814
60810
60810
60809
60808
60805
60802
60802
60791
60790
60787
60746
60745
60745
60740
60733
60722
60715
60715
60714
60712
60704
60695
60694
60667
60645
60641
60618
60615
60611
60589
60578
60568
60552
60548
60547
60544
60511
60506
60506
60500
60497
60492
60475
60473
60452
60436
60420
60413
60382
60336
60324
60293
60276
60262
60230
60200
60199
60198
60195
60194
60193
60190
60178
60166
60164
60159
60157
60112
60101
60096
60084
60076
60056
60055
60038
60024
60007
60000
59965
59952
59952
59943
59929
59914
59907
59904
59887
59880
59878
59876
59871
59857
59852
59848
59841
59832
59828
59826
59825
59779
59777
59764
59761
59738
59731
59728
59722
59691
59686
59678
59678
59674
59673
59667
59665
59611
59606
59602
59597
59579
59565
59564
59552
59552
59535
59531
59512
59509
59503
59495
59484
59484
59466
59458
59452
59447
59439
59430
59429
59415
59376
59369
59369
59367
59355
59349
59327
59312
59311
59298
59288
59281
59280
59270
59269
59268
59260
59242
59202
59197
59180
59169
59165
59155
59146
59144
59143
59120
59119
59117
59064
59045
59043
59022
59014
58988
58979
58963
58961
58959
58958
58955
58923
58921
58915
58908
58906
58904
58904
58903
58901
58885
58874
58873
58866
58866
58864
58854
58846
58843
58827
58823
58823
58821
58794
58789
58785
58775
58770
58758
58758
58741
58736
58723
58723
58687
58687
58685
58662
58654
58649
58635
58612
58600
58596
58594
58582
58567
58560
58551
58547
58513
58513
58505
58493
58476
58469
58463
58455
58453
58444
58429
58425
58397
58396
58389
58378
58363
58323
58309
58301
58267
58259
58253
58246
58245
58244
58239
58230
58229
58223
58218
58214
58210
58202
58194
58179
58172
58161
58149
58149
58144
58143
58142
58138
58136
58126
58120
58113
58109
58104
58097
58083
58053
58046
58033
58032
58025
58021
58016
58007
58002
58001
57974
57963
57955
57953
57952
57951
57939
57936
57927
57918
57907
57895
57891
57851
57831
57828
57821
57807
57804
57749
57736
57734
57734
57734
57732
57718
57695
57688
57685
57671
57670
57670
57667
57664
57660
57654
57653
57636
57596
57595
57595
57579
57575
57568
57554
57551
57510
57509
57504
57495
57486
57472
57451
57441
57441
57438
57423
57420
57420
57418
57411
57396
57390
57370
57369
57369
57367
57337
57312
57307
57307
57307
57282
57258
57250
57244
57231
57212
57174
57169
57155
57111
57095
57088
57085
57073
57044
57040
56982
56973
56953
56941
56935
56933
56922
56921
56903
56884
56881
56879
56878
56867
56860
56843
56835
56829
56825
56809
56809
56798
56796
56793
56790
56788
56773
56766
56764
56741
56740
56737
56710
56702
56680
56649
56649
56640
56638
56620
56607
56601
56599
56593
56570
56567
56561
56561
56559
56548
56548
56543
56541
56534
56523
56505
56505
56496
56492
56484
56476
56462
56453
56450
56436
56432
56429
56412
56399
56391
56388
56379
56368
56354
56344
56334
56324
56314
56311
56303
56262
56260
56239
56237
56229
56222
56210
56208
56205
56204
56189
56181
56181
56180
56157
56138
56135
56132
56125
56123
56116
56114
56101
56093
56073
56056
56021
55998
55995
55991
55979
55968
55966
55965
55924
55924
55919
55907
55887
55882
55873
55868
55865
55860
55854
55854
55848
55826
55821
55796
55788
55772
55767
55761
55743
55738
55715
55713
55707
55685
55684
55675
55631
55627
55626
55609
55594
55582
55539
55538
55537
55537
55527
55515
55512
55505
55505
55486
55479
55476
55451
55448
55446
55439
55432
55425
55421
55408
55392
55387
55381
55355
55328
55328
55301
55298
55197
55190
55175
55164
55160
55158
55157
55155
55146
55144
55144
55128
55125
55111
55099
55094
55094
55092
55086
55084
55083
55053
55028
55027
54996
54994
54985
54972
54947
54945
54941
54897
54894
54892
54878
54871
54867
54864
54857
54843
54805
54776
54775
54750
54747
54736
54709
54698
54682
54681
54675
54672
54663
54646
54630
54627
54620
54616
54601
54596
54571
54556
54553
54521
54499
54484
54482
54463
54456
54449
54448
54424
54424
54408
54387
54361
54350
54341
54332
54331
54311
54285
54282
54278
54276
54257
54255
54239
54213
54202
54189
54184
54184
54166
54150
54150
54148
54145
54139
54127
54119
54091
54090
54090
54088
54079
54079
54073
54071
54061
54045
54041
54039
54030
54026
54018
53987
53965
53960
53947
53929
53910
53906
53890
53881
53879
53870
53869
53869
53862
53861
53855
53853
53850
53841
53838
53824
53822
53809
53805
53803
53795
53782
53775
53772
53767
53745
53735
53734
53717
53676
53671
53659
53657
53646
53633
53601
53568
53559
53557
53551
53522
53516
53507
53484
53475
53461
53457
53449
53433
53411
53403
53401
53395
53386
53382
53380
53379
53373
53364
53359
53345
53340
53327
53327
53303
53277
53272
53253
53252
53252
53244
53240
53232
53221
53210
53201
53192
53168
53165
53159
53157
53156
53155
53136
53132
53081
53077
53074
53062
53057
53043
53038
53005
53005
53000
52993
52969
52959
52955
52951
52946
52936
52935
52930
52902
52902
52876
52868
52860
52835
52835
52794
52791
52778
52771
52770
52758
52751
52750
52725
52720
52709
52687
52672
52665
52665
52651
52645
52644
52631
52615
52586
52577
52571
52569
52567
52555
52532
52516
52510
52503
52497
52496
52488
52475
52454
52443
52440
52437
52431
52428
52404
52401
52397
52372
52354
52330
52322
52314
52307
52294
52292
52288
52282
52274
52270
52240
52239
52216
52207
52204
52197
52188
52186
52172
52170
52168
52153
52121
52121
52096
52089
52072
52056
52054
52052
52046
52023
52015
52013
52009
51995
51987
51982
51973
51971
51951
51947
51912
51911
51907
51905
51887
51880
51865
51855
51854
51813
51808
51796
51781
51774
51770
51760
51744
51719
51716
51707
51704
51688
51662
51658
51650
51618
51616
51593
51587
51560
51560
51540
51538
51538
51533
51496
51469
51466
51450
51434
51424
51412
51390
51388
51373
51365
51363
51360
51331
51318
51317
51316
51293
51284
51276
51271
51263
51242
51238
51228
51223
51206
51188
51176
51157
51156
51144
51138
51138
51133
51127
51127
51114
51102
51096
51095
51079
51072
51048
51036
51034
51022
50989
50986
50983
50974
50971
50960
50933
50914
50909
50907
50902
50902
50900
50896
50889
50888
50879
50877
50875
50874
50867
50864
50859
50859
50846
50828
50820
50812
50798
50791
50780
50778
50761
50757
50754
50750
50742
50742
50729
50704
50703
50686
50662
50658
50654
50651
50648
50646
50632
50614
50614
50603
50596
50573
50567
50557
50554
50522
50509
50500
50498
50496
50493
50481
50480
50476
50473
50463
50444
50442
50441
50427
50424
50409
50407
50399
50391
50391
50389
50372
50364
50357
50344
50336
50329
50325
50322
50315
50308
50299
50297
50290
50271
50270
50269
50266
50265
50242
50241
50233
50223
50222
50209
50190
50169
50153
50151
50149
50125
50124
50105
50098
50079
50077
50039
50023
50020
50020
50012
49996
49990
49985
49983
49977
49953
49947
49945
49943
49906
49871
49871
49867
49862
49854
49852
49839
49837
49814
49801
49799
49793
49784
49778
49777
49761
49761
49759
49757
49752
49750
49679
49673
49668
49667
49660
49657
49650
49636
49627
49626
49614
49614
49606
49600
49599
49587
49578
49568
49562
49561
49544
49542
49508
49496
49494
49481
49465
49462
49455
49438
49421
49410
49400
49398
49389
49383
49381
49374
49345
49343
49330
49325
49321
49302
49291
49277
49259
49246
49246
49239
49233
49227
49221
49219
49219
49218
49217
49213
49209
49194
49192
49184
49171
49166
49162
49162
49157
49154
49137
49126
49124
49110
49098
49097
49080
49078
49067
49066
49047
49046
49041
49033
49030
49021
49006
49002
49000
48989
48985
48981
48981
48980
48971
48969
48960
48954
48946
48909
48899
48875
48865
48842
48839
48820
48815
48805
48801
48758
48735
48723
48722
48721
48717
48716
48692
48691
48656
48654
48654
48649
48622
48615
48610
48603
48591
48579
48575
48567
48557
48555
48550
48547
48544
48533
48531
48525
48510
48504
48495
48495
48483
48474
48469
48454
48440
48425
48418
48412
48409
48375
48358
48351
48348
48346
48346
48344
48337
48324
48321
48249
48241
48226
48212
48179
48177
48175
48161
48151
48141
48134
48116
48106
48053
48014
48003
47992
47991
47987
47981
47971
47970
47961
47937
47910
47891
47889
47873
47872
47858
47835
47828
47826
47806
47802
47791
47789
47776
47772
47745
47708
47701
47701
47664
47656
47643
47639
47626
47602
47577
47571
47567
47564
47560
47529
47478
47476
47444
47438
47436
47393
47380
47368
47345
47343
47342
47340
47335
47332
47332
47325
47305
47298
47286
47277
47255
47247
47240
47225
47208
47207
47207
47203
47202
47170
47164
47151
47150
47116
47115
47112
47111
47090
47071
47043
47043
47027
46990
46980
46976
46975
46956
46948
46938
46925
46914
46903
46896
46865
46864
46857
46844
46837
46836
46804
46792
46791
46790
46782
46778
46777
46771
46759
46754
46752
46743
46742
46741
46739
46729
46727
46712
46696
46694
46679
46678
46676
46672
46669
46655
46649
46649
46647
46638
46622
46613
46605
46601
46598
46590
46561
46561
46556
46549
46530
46515
46506
46504
46493
46492
46492
46484
46483
46475
46460
46454
46445
46441
46435
46432
46417
46399
46392
46387
46375
46354
46354
46343
46338
46330
46320
46294
46291
46278
46272
46252
46241
46228
46215
46197
46179
46170
46153
46125
46123
46112
46096
46082
46063
46058
46041
46017
46000
45998
45995
45991
45985
45985
45980
45977
45953
45938
45937
45930
45922
45917
45900
45891
45888
45885
45874
45850
45830
45821
45790
45767
45761
45748
45734
45732
45729
45723
45714
45710
45699
45695
45689
45680
45678
45675
45661
45660
45656
45645
45617
45616
45613
45604
45594
45587
45580
45579
45576
45569
45566
45556
45554
45539
45539
45537
45525
45524
45524
45517
45511
45511
45511
45510
45505
45503
45499
45497
45489
45488
45485
45481
45471
45470
45469
45468
45453
45448
45433
45421
45417
45403
45393
45370
45345
45332
45330
45319
45311
45285
45263
45257
45247
45245
45233
45230
45225
45187
45172
45169
45156
45155
45144
45143
45133
45131
45131
45121
45110
45094
45061
45057
45056
45039
45037
45036
45030
45029
45011
45005
44976
44973
44965
44957
44951
44941
44937
44930
44923
44919
44909
44909
44896
44851
44844
44819
44807
44779
44741
44731
44720
44709
44705
44705
44701
44685
44685
44665
44653
44640
44635
44633
44627
44612
44605
44597
44595
44595
44581
44564
44557
44549
44533
44525
44520
44507
44498
44498
44488
44484
44476
44456
44455
44454
44453
44427
44408
44406
44392
44386
44384
44381
44366
44352
44343
44327
44323
44309
44309
44301
44278
44266
44264
44257
44229
44221
44211
44211
44188
44185
44173
44169
44165
44164
44141
44133
44123
44110
44102
44096
44085
44081
44069
44064
44062
44058
44045
44033
44030
43997
43997
43991
43991
43990
43955
43953
43932
43929
43927
43916
43893
43869
43869
43864
43863
43844
43829
43800
43793
43793
43792
43789
43789
43776
43774
43765
43758
43750
43734
43720
43704
43703
43700
43699
43688
43684
43678
43666
43635
43619
43612
43606
43571
43567
43533
43527
43524
43521
43506
43500
43499
43486
43480
43479
43469
43465
43461
43456
43453
43447
43438
43431
43415
43405
43401
43388
43384
43383
43373
43372
43352
43349
43342
43323
43316
43296
43287
43270
43269
43266
43263
43246
43227
43219
43182
43178
43170
43163
43159
43141
43138
43137
43134
43128
43111
43104
43054
43052
43042
43041
43002
43000
42986
42976
42967
42962
42960
42949
42920
42889
42876
42865
42864
42806
42793
42791
42789
42778
42775
42773
42761
42750
42747
42733
42724
42723
42719
42713
42709
42707
42699
42676
42674
42672
42661
42661
42655
42652
42600
42596
42584
42581
42556
42550
42514
42514
42513
42503
42503
42500
42490
42483
42470
42468
42461
42459
42447
42441
42427
42423
42415
42415
42414
42413
42399
42397
42375
42352
42347
42343
42341
42333
42327
42324
42317
42299
42293
42290
42283
42275
42271
42247
42246
42215
42209
42204
42199
42197
42184
42170
42160
42160
42154
42116
42108
42104
42083
42073
42061
42058
42032
42028
42009
42000
41998
41997
41984
41975
41967
41963
41961
41952
41945
41938
41937
41927
41905
41899
41880
41877
41864
41854
41846
41833
41831
41825
41814
41806
41783
41760
41739
41729
41713
41710
41707
41702
41695
41685
41679
41674
41663
41661
41635
41634
41613
41609
41604
41604
41601
41597
41592
41587
41569
41569
41561
41559
41558
41540
41521
41518
41509
41490
41485
41470
41449
41442
41437
41425
41420
41415
41414
41407
41391
41360
41359
41356
41352
41349
41322
41322
41319
41308
41301
41279
41271
41270
41266
41264
41262
41256
41251
41239
41222
41217
41204
41200
41195
41180
41172
41166
41163
41156
41148
41147
41133
41121
41091
41067
41048
41047
41030
41025
40998
40992
40989
40982
40948
40939
40930
40929
40926
40886
40864
40834
40830
40830
40828
40780
40775
40755
40749
40730
40728
40675
40664
40656
40644
40629
40619
40615
40610
40602
40601
40588
40585
40582
40575
40570
40566
40551
40538
40532
40532
40523
40523
40516
40498
40478
40446
40420
40415
40412
40408
40404
40402
40401
40393
40391
40389
40387
40379
40379
40373
40373
40372
40357
40343
40321
40297
40296
40295
40290
40285
40267
40263
40261
40259
40243
40207
40187
40182
40172
40156
40147
40144
40126
40122
40119
40112
40110
40105
40094
40089
40088
40087
40086
40084
40071
40067
40046
40045
40041
40031
40029
40021
39995
39989
39984
39975
39942
39891
39881
39879
39877
39873
39868
39858
39844
39841
39826
39810
39807
39801
39795
39793
39790
39789
39778
39775
39767
39762
39761
39752
39748
39742
39733
39723
39720
39692
39689
39682
39673
39660
39654
39651
39644
39630
39607
39596
39578
39550
39546
39538
39530
39528
39510
39508
39501
39493
39490
39484
39472
39463
39422
39404
39364
39356
39345
39338
39337
39334
39314
39301
39291
39289
39286
39278
39277
39261
39251
39237
39234
39231
39225
39225
39213
39212
39208
39178
39176
39174
39169
39160
39147
39147
39135
39125
39123
39119
39118
39102
39097
39076
39060
39060
39045
39025
39016
39004
39003
38993
38990
38966
38945
38933
38930
38926
38916
38908
38903
38888
38854
38851
38847
38841
38809
38803
38759
38751
38736
38724
38724
38688
38677
38663
38642
38630
38610
38610
38608
38608
38606
38599
38592
38568
38568
38561
38550
38540
38539
38534
38531
38525
38523
38501
38500
38497
38487
38481
38478
38453
38453
38441
38437
38420
38417
38407
38396
38379
38379
38353
38349
38340
38287
38276
38273
38270
38268
38258
38248
38237
38205
38204
38204
38203
38187
38187
38181
38177
38168
38160
38153
38117
38105
38079
38075
38071
38069
38034
38014
38005
37978
37976
37967
37960
37955
37952
37949
37943
37939
37926
37923
37921
37917
37913
37911
37903
37896
37866
37866
37860
37848
37842
37820
37818
37817
37812
37804
37795
37785
37783
37783
37770
37759
37753
37749
37743
37743
37743
37727
37718
37708
37703
37691
37653
37633
37632
37629
37622
37613
37603
37593
37575
37566
37555
37551
37530
37524
37522
37518
37515
37508
37500
37487
37483
37470
37454
37445
37442
37424
37400
37379
37363
37358
37337
37334
37325
37313
37297
37283
37267
37248
37240
37238
37235
37228
37220
37206
37201
37201
37180
37158
37146
37140
37138
37129
37129
37129
37128
37127
37105
37097
37095
37089
37088
37070
37066
37051
37037
37036
37034
37034
37027
37018
37011
37009
37006
36985
36966
36956
36939
36926
36919
36897
36890
36878
36878
36868
36857
36849
36848
36834
36812
36802
36797
36788
36787
36783
36756
36746
36740
36735
36723
36706
36692
36690
36685
36681
36681
36680
36679
36671
36666
36662
36657
36625
36610
36592
36580
36559
36554
36500
36496
36494
36477
36468
36453
36428
36426
36422
36413
36412
36409
36403
36392
36338
36327
36310
36295
36294
36282
36257
36250
36245
36231
36231
36229
36225
36191
36190
36183
36175
36161
36149
36132
36127
36122
36120
36118
36105
36104
36104
36102
36072
36056
36040
36030
36029
36018
36005
35985
35973
35972
35967
35965
35958
35940
35918
35916
35902
35898
35889
35889
35887
35883
35874
35832
35818
35811
35810
35807
35807
35806
35803
35802
35777
35768
35764
35756
35755
35734
35729
35725
35720
35718
35700
35692
35677
35671
35664
35659
35609
35608
35604
35576
35531
35500
35498
35497
35485
35481
35477
35461
35444
35443
35417
35412
35409
35405
35400
35398
35393
35390
35389
35376
35375
35372
35365
35330
35319
35308
35304
35299
35297
35289
35285
35268
35258
35254
35252
35242
35238
35232
35223
35214
35210
35203
35199
35198
35167
35162
35156
35145
35122
35111
35105
35102
35092
35079
35073
35029
35024
35019
34998
34998
34991
34984
34978
34974
34949
34932
34900
34887
34872
34861
34858
34854
34850
34846
34828
34819
34814
34795
34787
34781
34773
34770
34761
34759
34745
34740
34738
34737
34723
34720
34688
34685
34685
34664
34660
34657
34655
34639
34639
34613
34601
34600
34585
34582
34575
34556
34551
34539
34528
34509
34507
34487
34477
34472
34470
34469
34429
34429
34426
34424
34416
34416
34414
34394
34391
34382
34381
34373
34370
34365
34353
34347
34327
34314
34312
34303
34299
34297
34277
34268
34265
34249
34244
34243
34241
34239
34238
34214
34209
34209
34206
34183
34176
34173
34129
34124
34085
34077
34075
34070
34052
34049
34044
34033
34027
34026
34018
34014
34010
34002
33992
33985
33981
33975
33971
33968
33964
33935
33903
33901
33886
33881
33875
33850
33839
33833
33831
33819
33793
33772
33741
33731
33728
33723
33721
33706
33702
33702
33679
33652
33644
33642
33640
33638
33628
33623
33620
33610
33586
33580
33572
33561
33561
33558
33531
33530
33515
33506
33505
33499
33485
33469
33465
33457
33447
33437
33425
33417
33403
33387
33382
33375
33369
33358
33347
33336
33295
33289
33286
33262
33242
33239
33238
33231
33230
33222
33219
33203
33194
33188
33187
33179
33165
33150
33146
33145
33140
33139
33136
33120
33097
33097
33090
33069
33069
33057
33035
33031
33008
32974
32973
32964
32944
32941
32935
32934
32912
32911
32901
32887
32886
32884
32875
32866
32851
32838
32833
32815
32810
32782
32768
32751
32749
32745
32742
32739
32724
32723
32712
32696
32695
32684
32665
32655
32652
32650
32644
32628
32616
32613
32589
32584
32582
32569
32563
32555
32537
32521
32516
32515
32508
32500
32493
32483
32481
32474
32472
32463
32459
32453
32448
32445
32390
32381
32365
32359
32343
32340
32325
32317
32298
32290
32287
32276
32265
32226
32225
32217
32210
32164
32161
32158
32154
32145
32136
32135
32129
32128
32119
32115
32102
32076
32076
32074
32065
32061
32059
32042
32035
32031
32028
32003
31988
31973
31962
31928
31927
31925
31913
31908
31901
31898
31894
31890
31872
31862
31841
31821
31806
31800
31796
31784
31770
31768
31767
31751
31723
31707
31704
31703
31692
31687
31678
31674
31663
31663
31628
31610
31604
31602
31600
31557
31556
31554
31548
31542
31535
31532
31531
31528
31524
31516
31504
31499
31489
31485
31479
31459
31454
31413
31412
31408
31402
31397
31391
31352
31326
31324
31313
31311
31300
31294
31287
31277
31273
31272
31264
31256
31251
31250
31236
31209
31182
31178
31174
31173
31159
31146
31129
31128
31127
31117
31116
31109
31101
31085
31084
31063
31055
31027
31026
31017
31014
31012
30991
30984
30981
30972
30972
30957
30936
30921
30919
30895
30889
30878
30871
30861
30847
30845
30826
30809
30775
30760
30745
30739
30723
30714
30710
30708
30688
30678
30677
30672
30668
30663
30659
30649
30631
30625
30617
30614
30606
30591
30577
30558
30555
30549
30535
30531
30515
30514
30506
30501
30495
30495
30486
30479
30464
30457
30443
30431
30428
30425
30417
30381
30352
30344
30309
30308
30296
30286
30267
30261
30255
30249
30244
30240
30233
30213
30199
30198
30184
30178
30166
30155
30140
30130
30123
30099
30089
30082
30067
30046
30028
30024
30024
30017
30010
30008
30000
29998
29979
29976
29959
29950
29948
29944
29934
29933
29931
29919
29903
29898
29894
29891
29873
29862
29858
29845
29843
29838
29831
29831
29825
29808
29805
29803
29799
29797
29789
29776
29763
29757
29752
29743
29734
29730
29719
29717
29709
29692
29643
29627
29622
29612
29607
29593
29583
29579
29571
29570
29569
29548
29510
29493
29490
29487
29483
29480
29473
29471
29460
29456
29418
29402
29378
29373
29373
29362
29361
29357
29355
29344
29335
29329
29287
29273
29263
29258
29235
29226
29222
29217
29201
29188
29187
29184
29172
29169
29165
29157
29136
29111
29108
29084
29083
29066
29059
29048
29046
29038
29033
29030
29004
28987
28985
28968
28944
28923
28902
28889
28889
28874
28865
28853
28848
28837
28824
28821
28796
28784
28782
28773
28769
28765
28746
28726
28725
28697
28696
28695
28680
28677
28667
28661
28629
28601
28600
28591
28587
28584
28575
28575
28567
28554
28537
28534
28532
28523
28519
28512
28506
28502
28493
28483
28483
28479
28478
28436
28415
28408
28400
28393
28382
28382
28379
28366
28356
28356
28355
28351
28345
28328
28327
28293
28292
28287
28279
28269
28249
28248
28245
28223
28210
28203
28193
28165
28147
28141
28134
28123
28113
28097
28092
28080
28076
28069
28059
28052
28028
28027
28023
28005
27987
27960
27942
27934
27925
27915
27894
27880
27867
27860
27858
27829
27827
27819
27809
27807
27803
27801
27787
27784
27780
27778
27766
27766
27754
27754
27752
27747
27744
27717
27717
27709
27709
27707
27689
27686
27659
27657
27627
27622
27613
27607
27601
27588
27588
27570
27557
27546
27540
27492
27490
27480
27479
27464
27443
27418
27398
27394
27381
27380
27379
27349
27332
27314
27310
27306
27285
27279
27279
27276
27273
27270
27265
27256
27248
27228
27225
27221
27216
27197
27191
27179
27173
27164
27117
27107
27085
27075
27065
27061
27051
27048
27033
27004
26985
26963
26952
26923
26908
26879
26842
26839
26836
26825
26771
26743
26734
26727
26725
26715
26703
26687
26681
26668
26657
26655
26635
26629
26620
26610
26599
26576
26574
26564
26546
26545
26543
26541
26536
26518
26504
26497
26493
26485
26471
26467
26464
26453
26453
26411
26376
26347
26333
26328
26324
26298
26296
26283
26276
26275
26257
26247
26243
26222
26221
26208
26193
26185
26182
26162
26160
26157
26155
26149
26145
26132
26125
26123
26120
26119
26111
26107
26068
26052
26044
26023
26005
26001
26000
25998
25998
25983
25980
25971
25969
25962
25957
25951
25926
25925
25923
25905
25905
25893
25888
25877
25875
25868
25854
25841
25841
25829
25824
25804
25796
25790
25786
25782
25777
25774
25766
25758
25752
25743
25722
25716
25701
25699
25694
25682
25678
25669
25662
25657
25653
25638
25627
25622
25622
25616
25616
25604
25598
25595
25592
25562
25558
25543
25514
25505
25489
25488
25484
25480
25477
25474
25442
25398
25390
25389
25377
25372
25365
25360
25356
25348
25339
25337
25336
25335
25325
25317
25314
25288
25260
25256
25220
25213
25209
25196
25196
25161
25107
25102
25072
25069
25057
25030
25008
25007
25006
25005
25002
24995
24977
24973
24968
24963
24952
24929
24913
24901
24895
24874
24873
24869
24865
24845
24838
24828
24815
24810
24790
24785
24785
24782
24777
24773
24772
24741
24734
24730
24724
24724
24717
24714
24713
24704
24694
24694
24692
24691
24690
24689
24682
24680
24650
24648
24648
24627
24622
24584
24584
24578
24570
24528
24511
24492
24480
24473
24460
24449
24434
24425
24399
24379
24378
24368
24368
24367
24363
24361
24351
24350
24346
24337
24333
24305
24299
24284
24283
24282
24280
24275
24274
24266
24261
24260
24250
24245
24238
24228
24190
24188
24187
24174
24169
24151
24143
24116
24115
24097
24096
24089
24045
24035
24033
24023
24001
23997
23994
23987
23986
23978
23970
23948
23922
23916
23914
23881
23846
23844
23841
23840
23840
23829
23825
23817
23805
23795
23789
23788
23787
23755
23748
23735
23735
23731
23717
23704
23696
23673
23650
23642
23641
23610
23596
23593
23592
23583
23578
23561
23556
23554
23550
23545
23539
23530
23529
23488
23478
23465
23459
23446
23443
23390
23389
23384
23362
23347
23331
23325
23325
23303
23291
23289
23286
23281
23265
23250
23246
23226
23224
23218
23216
23213
23198
23198
23180
23180
23176
23172
23155
23118
23090
23086
23080
23060
23056
23055
23028
23014
23009
22995
22991
22986
22976
22974
22956
22947
22928
22917
22914
22898
22897
22897
22895
22892
22891
22871
22853
22849
22842
22841
22834
22808
22805
22804
22790
22786
22783
22783
22777
22767
22758
22737
22735
22735
22726
22723
22721
22719
22707
22689
22682
22682
22676
22668
22658
22656
22654
22646
22636
22623
22605
22596
22585
22582
22582
22578
22556
22552
22547
22485
22450
22444
22426
22425
22419
22416
22414
22413
22408
22392
22385
22365
22342
22329
22317
22316
22304
22279
22266
22257
22239
22234
22208
22200
22187
22176
22175
22134
22129
22114
22098
22085
22075
22073
22070
22032
22030
22015
22007
22005
21986
21985
21972
21946
21944
21943
21943
21935
21932
21924
21918
21888
21874
21859
21857
21854
21852
21834
21815
21804
21791
21783
21776
21753
21731
21724
21698
21694
21688
21668
21661
21626
21613
21597
21596
21576
21575
21563
21557
21554
21551
21542
21520
21518
21517
21488
21473
21446
21441
21423
21399
21373
21369
21368
21353
21313
21309
21272
21267
21257
21250
21246
21234
21226
21224
21219
21216
21215
21213
21212
21204
21204
21201
21200
21199
21192
21172
21162
21158
21156
21156
21153
21139
21127
21127
21123
21123
21113
21102
21076
21042
21035
21031
21026
21022
21001
20992
20986
20969
20958
20946
20945
20939
20933
20927
20926
20920
20897
20869
20857
20852
20851
20829
20787
20774
20754
20751
20749
20733
20732
20699
20696
20686
20672
20656
20651
20647
20590
20589
20587
20575
20575
20558
20557
20551
20540
20536
20530
20519
20510
20497
20483
20470
20466
20445
20437
20435
20425
20423
20417
20404
20392
20389
20388
20370
20360
20354
20335
20327
20324
20318
20307
20297
20294
20285
20279
20275
20236
20235
20232
20221
20215
20204
20202
20185
20181
20181
20167
20166
20141
20131
20125
20114
20112
20111
20108
20084
20071
20064
20045
20042
20042
20037
20036
20028
20003
19996
19995
19976
19951
19916
19908
19905
19900
19892
19859
19853
19850
19843
19816
19801
19783
19781
19769
19748
19745
19711
19706
19684
19680
19678
19664
19661
19653
19620
19611
19607
19605
19603
19594
19589
19581
19579
19576
19575
19564
19564
19564
19562
19549
19545
19544
19538
19504
19498
19490
19485
19473
19463
19461
19444
19441
19439
19439
19422
19376
19369
19365
19362
19354
19353
19351
19346
19345
19337
19330
19326
19301
19274
19272
19261
19254
19246
19225
19187
19180
19170
19166
19163
19161
19152
19150
19140
19104
19093
19077
19074
19071
19063
19050
19045
19014
19008
19006
18983
18977
18977
18965
18953
18947
18940
18927
18920
18919
18911
18911
18882
18876
18862
18861
18855
18852
18829
18820
18816
18814
18810
18809
18796
18792
18786
18785
18768
18765
18762
18754
18753
18746
18721
18720
18709
18698
18695
18685
18679
18673
18656
18653
18653
18648
18639
18638
18635
18634
18622
18620
18598
18587
18586
18586
18582
18553
18551
18547
18541
18534
18534
18527
18525
18518
18503
18482
18477
18464
18460
18439
18438
18432
18419
18387
18386
18377
18343
18338
18338
18335
18325
18319
18304
18302
18300
18290
18276
18273
18260
18245
18240
18198
18188
18181
18171
18168
18145
18114
18097
18093
18074
18055
18054
18032
18014
18011
17984
17975
17966
17960
17947
17941
17920
17917
17916
17901
17898
17888
17882
17880
17870
17870
17860
17859
17837
17828
17817
17797
17786
17774
17763
17763
17762
17758
17752
17721
17698
17684
17666
17664
17652
17641
17639
17638
17632
17630
17613
17610
17607
17602
17602
17601
17588
17562
17555
17545
17540
17536
17493
17478
17468
17455
17446
17436
17434
17420
17418
17407
17395
17390
17390
17382
17356
17355
17329
17325
17315
17298
17281
17275
17268
17266
17253
17250
17247
17245
17243
17226
17212
17198
17191
17184
17179
17175
17172
17165
17138
17137
17120
17112
17106
17095
17092
17083
17038
17015
17014
17004
17002
17001
16991
16989
16970
16958
16957
16951
16949
16947
16943
16936
16926
16919
16919
16912
16906
16900
16897
16888
16874
16857
16846
16836
16834
16827
16823
16821
16818
16814
16767
16763
16750
16746
16740
16740
16729
16726
16718
16715
16705
16701
16696
16691
16677
16668
16657
16655
16647
16645
16621
16612
16603
16587
16577
16559
16554
16553
16551
16546
16539
16474
16458
16458
16397
16391
16380
16371
16358
16353
16352
16349
16347
16339
16337
16320
16315
16311
16262
16260
16255
16252
16229
16227
16221
16207
16205
16200
16189
16186
16165
16158
16152
16151
16100
16095
16093
16084
16081
16071
16061
16059
16049
16047
16045
16044
16043
16009
15994
15968
15957
15947
15940
15936
15926
15892
15888
15862
15857
15851
15836
15833
15827
15821
15821
15817
15811
15810
15793
15790
15788
15786
15774
15767
15760
15745
15742
15724
15720
15699
15698
15687
15686
15677
15673
15660
15640
15617
15538
15537
15524
15510
15502
15490
15485
15478
15461
15433
15429
15428
15414
15408
15390
15382
15370
15359
15346
15309
15290
15290
15286
15285
15274
15265
15259
15252
15235
15194
15182
15179
15166
15165
15132
15116
15099
15097
15065
15061
15048
15047
15045
15045
15023
15020
14993
14991
14986
14974
14952
14952
14951
14937
14917
14911
14897
14883
14879
14879
14846
14845
14835
14828
14795
14780
14778
14776
14770
14736
14734
14733
14711
14705
14700
14682
14679
14670
14640
14639
14625
14612
14588
14586
14570
14558
14553
14532
14523
14513
14507
14504
14502
14492
14486
14480
14473
14467
14462
14452
14446
14441
14439
14431
14406
14397
14383
14356
14345
14323
14315
14311
14309
14303
14285
14266
14262
14258
14258
14252
14244
14243
14235
14220
14219
14212
14197
14176
14168
14164
14157
14156
14153
14128
14124
14118
14113
14108
14099
14096
14093
14087
14085
14076
14076
14050
14049
14044
14042
14040
14029
14027
14024
14000
13963
13959
13956
13953
13936
13930
13886
13884
13882
13877
13875
13871
13823
13820
13820
13811
13795
13770
13750
13737
13735
13732
13719
13712
13702
13683
13663
13660
13634
13618
13607
13580
13579
13575
13564
13546
13537
13514
13510
13504
13502
13495
13494
13494
13471
13470
13469
13459
13458
13446
13425
13424
13410
13410
13404
13391
13388
13388
13381
13358
13339
13328
13308
13297
13278
13270
13265
13263
13256
13246
13243
13239
13235
13230
13223
13220
13218
13207
13195
13194
13184
13182
13165
13158
13152
13151
13147
13141
13140
13131
13131
13126
13123
13119
13117
13113
13112
13098
13094
13092
13064
13055
13052
13048
13041
13030
13030
13025
13023
13015
13000
12999
12996
12970
12956
12942
12927
12896
12896
12892
12891
12888
12880
12873
12870
12863
12836
12828
12799
12797
12787
12771
12771
12762
12756
12737
12721
12702
12701
12694
12678
12676
12671
12668
12664
12663
12600
12593
12573
12562
12562
12561
12551
12542
12525
12514
12513
12504
12500
12499
12457
12444
12436
12431
12398
12385
12378
12371
12369
12366
12345
12340
12338
12319
12318
12313
12310
12299
12284
12251
12250
12248
12241
12229
12226
12209
12202
12189
12173
12163
12161
12125
12123
12118
12117
12069
12065
12061
12056
12053
12037
12031
12011
12008
11996
11976
11949
11926
11920
11844
11829
11829
11827
11784
11769
11762
11726
11713
11710
11704
11680
11654
11633
11632
11615
11593
11587
11578
11569
11562
11557
11554
11551
11532
11502
11497
11485
11479
11446
11442
11426
11418
11398
11384
11383
11381
11376
11357
11336
11332
11326
11322
11316
11304
11298
11290
11265
11247
11246
11225
11224
11207
11200
11194
11190
11190
11187
11182
11167
11145
11132
11130
11130
11130
11109
11095
11077
11076
11067
11050
11032
11031
11010
10984
10984
10965
10962
10950
10950
10936
10935
10926
10904
10889
10887
10880
10877
10876
10875
10870
10868
10866
10846
10808
10798
10796
10792
10781
10780
10778
10744
10738
10732
10717
10696
10681
10674
10667
10656
10655
10644
10642
10641
10636
10636
10629
10623
10611
10604
10569
10561
10557
10544
10543
10540
10538
10537
10537
10530
10523
10522
10518
10510
10507
10503
10484
10473
10464
10458
10451
10425
10406
10402
10391
10379
10374
10369
10368
10362
10355
10349
10348
10342
10339
10333
10312
10305
10297
10292
10291
10252
10240
10234
10225
10219
10211
10210
10207
10197
10177
10151
10132
10115
10110
10099
10098
10090
10087
10075
10049
10036
10026
10023
10018
10017
10003
9997
9996
9995
9994
9978
9967
9964
9922
9919
9891
9877
9874
9862
9855
9854
9849
9830
9830
9802
9786
9786
9767
9764
9761
9754
9749
9735
9731
9717
9697
9689
9684
9679
9671
9661
9652
9643
9634
9626
9624
9617
9617
9610
9595
9589
9573
9545
9545
9537
9523
9516
9513
9493
9482
9470
9469
9467
9456
9426
9419
9372
9371
9362
9334
9327
9303
9298
9288
9287
9283
9279
9274
9270
9270
9267
9255
9237
9230
9214
9194
9187
9163
9157
9154
9146
9132
9126
9101
9091
9085
9084
9076
9066
9064
9061
9046
9038
9033
9030
9020
9015
9014
9011
9005
8987
8971
8945
8937
8931
8922
8918
8908
8895
8852
8849
8836
8794
8776
8773
8766
8757
8751
8739
8708
8703
8699
8671
8669
8659
8651
8651
8602
8601
8593
8587
8583
8580
8575
8555
8549
8548
8545
8545
8542
8537
8533
8525
8524
8519
8502
8492
8440
8437
8412
8410
8401
8391
8375
8372
8369
8344
8340
8326
8301
8298
8298
8295
8291
8259
8257
8250
8248
8233
8226
8218
8205
8190
8184
8176
8170
8165
8145
8141
8139
8135
8129
8124
8065
8064
8059
8041
8030
8020
8003
7996
7989
7985
7985
7980
7969
7962
7958
7957
7955
7948
7943
7937
7935
7931
7925
7924
7921
7919
7908
7901
7892
7884
7878
7877
7873
7862
7841
7830
7795
7791
7786
7785
7771
7765
7763
7749
7746
7732
7725
7723
7689
7685
7673
7666
7649
7638
7620
7577
7568
7556
7549
7534
7527
7522
7506
7504
7496
7482
7460
7431
7426
7389
7382
7374
7373
7353
7347
7346
7335
7321
7298
7291
7288
7267
7264
7264
7254
7252
7245
7208
7203
7165
7159
7151
7149
7137
7135
7128
7118
7106
7091
7089
7083
7073
7072
7065
7061
7057
7044
7042
6998
6994
6962
6957
6944
6942
6942
6930
6926
6913
6892
6889
6888
6883
6877
6869
6854
6845
6839
6805
6792
6790
6785
6779
6764
6752
6749
6746
6744
6733
6731
6727
6692
6681
6669
6668
6652
6629
6625
6614
6612
6595
6575
6553
6535
6521
6503
6496
6488
6488
6487
6459
6452
6450
6426
6423
6402
6401
6399
6393
6387
6365
6363
6353
6332
6330
6321
6306
6297
6295
6287
6285
6266
6262
6247
6246
6235
6234
6231
6226
6210
6208
6198
6190
6162
6161
6152
6148
6141
6140
6127
6120
6118
6117
6098
6092
6084
6079
6076
6076
6065
6054
6043
6016
6016
6011
6003
5997
5994
5987
5978
5955
5951
5941
5925
5920
5914
5901
5898
5897
5850
5843
5837
5775
5745
5734
5728
5707
5705
5677
5663
5661
5660
5647
5634
5620
5612
5605
5604
5601
5583
5557
5534
5500
5464
5457
5434
5427
5416
5398
5391
5389
5378
5330
5326
5316
5296
5282
5263
5261
5259
5256
5242
5234
5225
5221
5214
5213
5207
5196
5189
5183
5129
5104
5104
5102
5101
5075
5070
5061
5056
5047
5034
5031
5016
4988
4983
4970
4959
4957
4943
4937
4935
4934
4902
4900
4881
4871
4846
4843
4842
4835
4833
4824
4820
4818
4801
4800
4783
4769
4761
4752
4741
4741
4733
4733
4717
4682
4679
4670
4664
4650
4631
4626
4622
4605
4588
4581
4569
4566
4561
4559
4552
4549
4549
4520
4514
4509
4508
4507
4504
4488
4480
4464
4450
4439
4422
4413
4400
4396
4391
4363
4363
4344
4316
4308
4287
4286
4263
4230
4200
4200
4198
4186
4172
4162
4149
4147
4146
4108
4097
4097
4088
4085
4085
4084
4056
4045
4011
4008
3999
3982
3979
3979
3978
3946
3936
3934
3907
3895
3892
3889
3880
3857
3848
3823
3812
3804
3803
3800
3800
3796
3785
3779
3745
3739
3722
3722
3715
3710
3699
3694
3670
3660
3655
3641
3636
3633
3630
3627
3627
3617
3614
3607
3599
3583
3575
3564
3563
3558
3555
3542
3533
3529
3527
3525
3512
3502
3492
3491
3483
3476
3474
3463
3457
3448
3445
3444
3441
3439
3426
3425
3423
3422
3409
3406
3402
3392
3387
3374
3372
3364
3355
3349
3339
3336
3332
3331
3302
3296
3295
3281
3268
3257
3224
3219
3209
3204
3204
3191
3190
3165
3111
3100
3094
3091
3075
3064
3027
3022
2982
2943
2941
2872
2822
2818
2817
2795
2793
2751
2746
2727
2714
2707
2703
2702
2690
2674
2669
2663
2663
2652
2648
2628
2611
2596
2593
2593
2571
2570
2568
2559
2547
2539
2529
2524
2514
2505
2502
2490
2481
2481
2472
2470
2451
2443
2441
2428
2428
2425
2404
2371
2369
2348
2335
2331
2330
2316
2314
2307
2301
2293
2285
2284
2277
2265
2238
2235
2232
2213
2198
2171
2164
2159
2144
2127
2123
2120
2114
2090
2088
2083
2072
2072
2070
2067
2059
2058
2044
2019
2017
2012
2008
2004
1997
1966
1965
1958
1953
1923
1921
1908
1903
1878
1871
1850
1834
1831
1812
1812
1812
1803
1779
1752
1749
1742
1738
1732
1724
1716
1683
1681
1669
1667
1660
1659
1657
1645
1626
1624
1612
1609
1604
1600
1599
1599
1582
1579
1578
1573
1545
1522
1504
1502
1495
1460
1445
1430
1426
1425
1412
1405
1398
1398
1377
1369
1368
1365
1331
1328
1328
1326
1298
1288
1271
1267
1242
1229
1229
1188
1174
1160
1159
1158
1149
1103
1071
1071
1023
1016
1014
1010
1010
1010
995
985
965
964
956
945
934
919
914
895
891
861
848
837
833
829
813
809
782
780
772
766
765
763
761
759
730
726
705
705
687
683
681
670
656
638
630
621
608
607
548
541
532
528
524
519
503
500
499
498
497
488
481
479
477
467
464
464
446
444
437
414
414
412
384
381
380
380
369
360
339
335
324
316
291
251
238
226
209
206
196
192
178
146
145
143
140
135
106
106
102
96
66
63
52
34
28
25
25
24
12
